0 2 1
0 3 1
1 2 1
1 6 1
3 7 1
4 10 1
4 15 1
5 12 1
5 51 0
6 22 1
7 8 1
7 55 0
8 9 1
10 16 1
11 32 1
11 18 1
12 13 1
13 22 1
13 50 0
14 15 1
14 31 1
16 17 1
17 18 1
19 40 1
19 27 1
20 21 1
20 29 1
21 30 1
21 54 0
22 52 0
23 31 1
24 25 1
24 35 1
25 26 1
26 36 1
27 36 1
28 29 1
28 41 1
30 57 0
32 33 1
32 89 0
33 34 1
34 38 1
34 86 0
36 68 0
37 41 1
37 46 1
38 42 1
39 43 1
40 44 1
41 49 0
42 43 1
44 47 1
44 81 0
45 46 1
47 48 0
49 61 0
50 95 0
51 102 0
52 92 0
52 53 1
53 55 1
54 100 0
54 58 1
55 98 0
55 56 1
55 99 0
56 59 1
57 101 0
58 61 1
59 60 1
60 62 1
60 111 0
61 109 0
61 65 1
62 66 1
63 64 1
63 83 1
64 65 1
64 130 0
65 109 0
66 70 1
67 69 1
67 75 1
68 116 0
68 73 1
68 80 1
69 146 0
70 76 1
71 77 1
71 84 1
72 78 1
72 88 1
73 74 1
74 81 1
75 82 1
76 77 1
78 79 1
78 126 0
79 80 1
79 114 0
81 123 0
81 108 0
82 83 1
82 145 0
84 85 1
84 132 0
85 89 1
85 122 0
86 135 0
86 90 1
87 88 1
87 90 1
88 126 0
89 133 0
91 92 1
91 95 1
92 93 1
93 94 1
93 143 0
94 96 1
95 102 1
96 97 1
97 98 1
98 99 1
99 162 0
100 101 1
100 104 1
101 103 1
102 103 1
104 110 1
105 111 1
105 106 1
105 175 0
106 107 1
107 112 1
108 142 0
108 123 0
109 110 0
111 181 0
111 174 0
112 113 1
112 163 0
113 118 1
114 156 0
114 115 1
115 116 1
115 156 0
116 117 1
117 120 1
118 119 1
119 131 1
120 127 1
121 129 1
121 130 1
122 177 0
122 133 1
122 166 0
123 128 0
124 134 1
124 135 1
125 136 1
125 135 1
126 140 0
126 152 0
127 128 1
129 141 0
129 186 0
130 160 0
131 132 1
131 164 0
132 164 0
132 165 0
133 134 1
136 137 1
136 184 0
137 138 1
138 139 1
138 178 0
139 140 1
140 167 0
141 145 0
142 144 0
143 161 0
144 147 0
145 159 0
146 218 0
147 148 0
148 149 0
150 161 1
150 162 1
151 176 1
151 164 1
152 215 0
152 217 0
153 154 1
153 158 1
154 168 1
154 238 0
155 169 1
155 160 1
156 217 0
156 157 0
157 158 0
159 218 0
160 185 1
160 207 0
161 210 0
161 173 1
162 174 1
162 194 0
162 203 0
163 189 0
163 176 1
164 197 0
165 191 0
166 198 0
166 177 1
167 199 0
169 179 1
169 200 0
170 171 1
170 179 1
171 172 1
171 209 0
172 180 1
173 180 1
174 194 0
174 181 1
175 187 0
175 181 1
176 212 0
177 182 1
178 205 0
180 219 0
182 183 1
182 213 0
183 184 1
184 222 0
185 186 1
186 223 0
186 224 0
187 188 1
187 195 1
188 189 1
189 211 1
190 197 1
190 191 1
191 192 1
192 198 1
193 202 1
193 209 1
194 204 0
194 248 0
195 204 1
196 197 1
196 212 1
198 241 0
199 206 1
199 205 1
200 225 0
200 201 1
201 208 1
201 225 0
202 208 1
203 210 0
203 254 0
205 214 1
205 235 0
206 215 1
206 233 0
207 255 0
207 223 1
208 227 0
209 226 0
210 221 1
211 212 1
212 244 0
213 242 0
213 222 1
214 222 1
214 236 0
215 216 1
216 217 1
217 230 0
218 229 0
219 257 0
219 220 1
220 221 1
223 224 1
224 261 0
225 251 0
226 228 0
226 256 0
227 262 0
227 228 1
229 264 0
230 231 1
230 232 1
231 234 1
232 233 1
233 271 0
234 237 1
234 269 0
235 270 0
236 272 0
237 277 0
237 276 0
238 280 0
239 241 0
239 242 0
239 289 0
240 245 1
240 241 1
242 274 0
242 279 0
243 244 1
243 245 1
244 250 1
246 247 1
246 248 1
247 249 1
247 290 0
248 290 0
249 250 1
249 291 0
251 294 0
251 255 1
252 260 1
252 257 1
253 263 1
253 254 1
254 301 0
255 261 1
256 303 0
256 259 1
257 258 1
258 263 1
259 260 1
259 304 0
260 298 0
261 302 0
262 297 0
264 321 0
264 308 0
265 271 1
265 266 1
266 267 1
267 268 1
268 269 1
268 316 0
269 326 0
270 272 1
270 271 1
271 311 0
272 275 1
273 276 1
273 277 1
273 333 0
274 279 1
274 275 1
276 332 0
276 326 0
277 280 1
278 284 1
278 285 1
279 322 0
280 349 0
281 286 1
281 287 1
282 287 1
282 288 1
283 284 1
283 288 1
284 336 0
285 289 1
286 292 1
289 336 0
290 293 0
291 325 0
291 292 1
293 301 1
294 309 1
294 295 1
295 296 1
296 297 1
297 303 1
298 303 0
299 307 1
299 306 1
300 301 1
300 307 1
302 308 1
302 309 1
304 305 0
305 310 1
306 310 1
311 312 1
311 317 1
312 315 1
313 315 1
313 314 1
314 316 1
315 338 0
316 340 0
317 320 1
318 322 1
318 319 1
318 346 0
319 320 1
319 343 0
322 337 0
323 331 1
323 324 1
324 336 1
325 361 0
325 329 1
326 341 0
326 327 1
327 328 1
328 332 0
329 334 1
330 331 1
330 335 1
332 333 1
333 347 0
334 335 1
336 353 0
337 386 0
338 380 0
338 339 1
338 344 1
339 340 1
339 381 0
340 341 1
340 375 0
341 371 0
342 354 1
343 378 0
343 344 1
345 348 1
345 351 1
346 404 0
346 405 0
347 373 0
348 358 1
349 377 0
350 351 1
350 366 1
350 423 0
351 407 0
352 370 1
352 353 1
352 384 0
353 354 1
355 364 0
355 406 0
356 365 1
356 364 1
357 365 1
358 359 1
359 367 1
360 369 1
360 367 1
361 362 1
361 369 1
361 394 0
362 368 1
363 368 1
363 370 1
364 387 0
364 420 0
366 418 0
367 391 0
368 416 0
371 430 0
371 372 1
372 373 1
373 434 0
373 376 1
374 379 1
374 378 1
375 425 0
375 382 1
376 377 1
376 432 0
377 470 0
378 433 0
379 380 1
380 428 0
380 424 0
381 424 0
381 382 1
382 429 0
383 389 1
383 390 1
384 455 0
384 398 1
384 399 1
385 402 1
385 401 1
386 403 1
386 402 1
386 435 0
387 411 1
387 410 1
388 419 1
388 407 1
389 409 1
389 441 0
390 391 1
390 436 0
391 443 0
391 392 1
392 393 1
392 444 0
393 394 1
395 396 1
395 416 1
396 397 1
396 453 0
397 398 1
399 400 1
399 445 0
400 401 1
400 446 0
401 447 0
403 404 1
404 405 1
405 473 0
405 469 0
406 463 0
407 448 0
408 419 1
408 414 1
409 415 1
410 420 1
411 412 1
412 413 1
413 417 1
414 415 1
415 440 0
416 456 0
417 418 1
418 422 1
420 466 0
421 422 1
421 423 1
422 458 0
423 493 0
423 489 0
424 468 0
424 428 1
425 476 0
425 430 1
426 427 1
426 433 1
427 428 1
427 475 0
429 476 0
430 431 1
430 477 0
431 434 1
432 478 0
432 434 1
433 474 0
434 479 0
435 472 0
435 438 1
436 490 0
436 442 1
437 438 1
437 447 1
437 471 0
439 451 1
439 440 1
439 484 0
440 484 0
440 481 0
441 481 0
442 443 1
443 444 1
443 485 0
444 494 0
445 491 0
446 480 0
447 471 0
448 482 0
448 449 1
449 450 1
450 451 1
452 453 1
452 456 1
453 487 0
453 454 1
454 455 1
455 488 0
456 486 0
457 461 1
457 460 1
458 492 0
458 462 1
459 460 1
459 465 1
459 499 0
460 500 0
461 462 1
461 498 0
463 501 0
463 464 1
464 466 1
465 467 1
466 467 1
467 503 0
468 510 0
468 521 0
469 512 0
469 473 1
470 478 1
470 514 0
471 524 0
472 516 0
472 473 1
474 520 0
474 504 0
475 509 0
475 507 0
476 521 0
477 505 0
478 479 1
479 511 0
480 530 0
481 490 0
482 543 0
482 483 1
483 484 1
484 581 0
485 523 0
485 490 1
485 494 1
486 534 0
486 497 0
487 539 0
488 536 0
488 528 0
489 540 0
489 493 1
491 529 0
492 554 0
492 493 1
494 495 1
494 523 0
495 496 1
495 525 0
496 527 0
496 531 0
497 531 0
498 552 0
499 545 0
500 546 0
501 556 0
501 502 1
502 503 1
502 550 0
503 551 0
504 563 0
505 549 0
505 508 1
506 508 1
506 511 1
507 558 0
509 565 0
510 559 0
511 522 1
511 571 0
512 562 0
512 519 1
513 514 1
513 522 1
514 575 0
515 516 1
515 524 1
516 517 1
517 518 1
518 519 1
520 557 0
521 555 0
523 583 0
524 530 1
525 594 0
525 526 1
526 531 1
526 595 0
527 532 1
527 531 1
528 579 0
529 590 0
529 537 1
530 537 1
530 592 0
531 584 0
532 533 1
532 576 0
532 585 0
533 534 1
534 535 1
535 538 1
536 589 0
538 539 1
539 578 0
540 548 1
540 542 1
541 542 1
541 543 1
543 641 0
544 551 1
544 545 1
544 596 0
545 546 1
546 552 1
547 548 1
547 554 1
549 610 0
549 561 1
549 607 0
550 606 0
550 551 1
551 605 0
552 553 1
553 554 1
555 616 0
555 560 1
556 645 0
557 565 1
557 564 1
558 566 1
558 559 1
558 609 0
559 560 1
560 616 0
561 571 1
561 617 0
562 570 1
562 563 1
563 564 1
564 613 0
565 566 1
567 573 1
567 568 1
568 569 1
568 623 0
569 570 1
570 612 0
571 617 0
571 574 1
572 573 1
572 592 1
573 622 0
574 580 1
574 611 0
575 608 0
575 580 1
576 599 0
576 586 1
577 593 1
577 586 1
577 604 0
578 587 1
578 579 1
578 625 0
579 588 1
580 608 0
581 636 0
582 583 1
582 600 0
583 594 1
584 597 0
585 603 0
587 593 1
587 628 0
588 589 1
588 626 0
589 590 1
590 591 1
591 592 1
592 620 0
594 601 0
595 602 0
596 648 0
597 632 0
597 598 1
597 602 1
598 603 1
599 634 0
600 631 0
600 627 0
601 631 0
601 602 1
603 633 0
604 635 0
605 646 0
606 649 0
607 660 0
607 610 1
608 655 0
609 664 0
609 615 1
610 617 1
611 653 0
612 650 0
612 618 1
613 663 0
613 614 1
614 615 1
614 663 0
616 657 0
617 652 0
618 623 1
618 650 0
619 624 1
619 636 1
620 621 1
620 630 1
621 622 1
622 670 0
623 656 0
624 627 1
625 674 0
626 668 0
626 629 1
628 680 0
629 630 1
631 677 0
632 679 0
633 682 0
633 634 1
634 635 1
635 698 0
636 685 0
637 641 0
637 684 0
638 644 1
638 639 1
638 693 0
638 694 0
639 640 1
640 641 1
641 695 0
642 643 1
642 648 1
642 690 0
642 691 0
643 644 1
643 692 0
644 683 0
645 702 0
646 647 1
646 649 1
646 699 0
647 648 1
647 700 0
648 689 0
649 703 0
650 707 0
650 662 1
651 661 1
651 652 1
652 653 1
653 654 1
654 655 1
655 751 0
656 711 0
656 667 1
657 658 1
657 664 1
658 659 1
659 660 1
660 661 1
661 705 0
662 663 1
662 704 0
663 704 0
664 735 0
665 666 1
665 669 1
666 670 1
667 670 1
668 674 1
668 681 1
669 681 1
670 708 0
671 675 1
671 688 1
672 678 1
672 679 1
673 680 1
673 674 1
675 676 1
676 677 1
677 678 1
679 682 1
680 698 1
683 715 0
684 701 1
684 685 1
685 686 1
685 721 0
686 687 1
687 688 1
689 718 0
690 712 0
691 710 0
692 713 0
693 716 0
694 726 0
695 727 0
695 696 1
696 697 1
696 727 0
697 701 1
698 761 0
699 724 0
700 725 0
702 722 0
703 723 0
704 731 0
704 707 1
704 732 0
705 740 0
706 711 1
706 707 1
707 731 0
708 739 0
708 709 1
708 738 0
709 711 1
709 739 0
710 729 0
710 713 1
712 728 0
712 718 1
713 714 1
713 757 0
714 715 1
715 716 1
715 752 0
716 726 1
717 718 1
717 725 1
718 730 0
719 727 1
719 720 1
720 721 1
720 753 0
722 762 0
722 723 1
723 724 1
723 762 0
724 725 1
724 763 0
726 758 0
726 767 0
727 742 0
727 759 0
728 729 1
728 730 1
729 766 0
730 765 0
730 764 0
731 779 0
732 794 0
732 733 0
733 770 0
734 745 1
734 746 1
735 770 0
736 737 1
736 756 1
737 738 1
738 792 0
739 807 0
740 747 1
740 741 1
740 798 0
741 748 1
742 814 0
743 753 1
743 744 1
744 754 1
745 768 1
746 760 1
747 780 0
747 797 0
748 749 1
748 771 0
749 750 1
749 769 0
750 751 1
751 781 0
752 813 0
752 758 1
753 783 0
754 768 1
755 761 1
755 756 1
756 804 0
756 803 0
757 820 0
758 767 1
759 800 0
760 778 0
761 777 0
761 788 0
762 829 0
763 817 0
764 811 0
765 819 0
766 823 0
767 827 0
768 822 0
769 836 0
770 835 0
770 795 1
771 833 0
771 799 1
772 773 1
772 783 1
773 774 1
773 855 0
774 775 1
775 784 1
776 777 1
776 787 1
777 778 1
778 788 1
779 809 1
779 793 1
780 795 1
780 796 1
780 842 0
781 836 0
782 783 1
782 800 1
784 815 1
784 849 0
785 786 1
785 801 1
786 787 1
786 837 0
787 831 0
788 857 0
788 802 1
789 802 1
789 790 1
790 803 1
790 834 0
791 806 1
791 792 1
792 816 1
793 794 1
794 810 1
795 841 0
796 797 1
797 843 0
798 858 0
798 799 1
799 844 0
800 845 0
801 822 1
801 850 0
803 840 0
803 804 1
804 805 1
804 852 0
805 806 1
806 853 0
807 816 1
807 808 1
808 809 1
810 835 0
811 817 1
811 818 1
812 813 1
812 820 1
813 825 1
814 861 0
814 828 1
815 821 1
815 856 0
817 830 0
818 819 1
819 823 1
820 824 1
821 826 1
822 826 1
823 824 1
825 827 1
827 828 1
829 895 0
829 830 0
831 832 0
832 851 1
833 873 0
834 872 0
834 839 1
835 892 0
836 883 0
837 888 0
838 857 1
838 839 1
840 866 0
841 892 0
841 880 0
842 880 0
842 843 1
842 892 0
843 858 1
844 882 0
845 870 0
845 846 1
846 854 1
847 854 1
847 855 1
848 855 1
848 849 1
849 877 0
850 888 0
851 857 0
851 878 0
852 862 0
853 862 0
853 859 0
855 876 0
856 886 0
856 877 0
858 881 0
859 867 0
859 862 1
860 864 1
860 863 1
861 870 1
861 874 1
862 866 1
863 869 1
864 874 1
865 872 1
865 871 1
866 872 1
867 889 0
868 879 1
868 891 1
869 893 1
870 875 1
873 882 1
873 883 1
875 876 1
876 877 1
878 888 0
879 892 1
880 881 0
881 882 1
883 884 1
884 885 1
886 887 0
887 888 0
889 890 1
890 891 1
893 894 1
894 896 1
895 896 1
