0 4 1
0 25 1
1 20 0
1 9 0
2 4 1
2 3 1
3 5 1
5 13 1
6 15 1
7 29 1
7 43 0
8 19 0
8 23 0
9 27 0
10 16 1
10 29 1
11 24 1
11 34 0
12 25 1
12 21 1
13 28 1
14 22 1
14 28 1
15 22 1
15 53 0
16 17 1
17 18 1
18 23 1
19 26 0
20 30 0
21 24 1
26 27 1
30 40 0
31 54 0
31 39 0
32 60 1
32 33 1
33 54 1
34 66 0
34 56 1
35 56 1
35 41 1
36 37 1
36 49 1
37 41 1
38 44 1
38 43 1
39 46 1
40 65 0
40 55 0
42 51 1
42 59 1
43 85 0
44 45 1
45 60 1
46 47 1
47 48 1
48 55 1
49 50 1
50 57 1
51 61 0
52 53 1
52 59 1
53 84 0
53 91 0
56 66 0
57 58 1
58 61 1
62 80 0
62 66 0
63 78 1
63 68 1
64 65 1
64 69 1
65 117 0
66 107 0
67 90 1
67 89 1
68 79 1
69 87 0
70 71 1
70 80 1
71 81 1
72 90 0
72 81 0
73 74 1
73 83 1
74 84 1
75 85 1
75 76 1
76 77 1
77 86 1
78 86 1
79 92 0
82 88 1
82 89 1
83 88 1
84 91 0
85 93 0
87 92 0
91 103 0
91 110 0
93 131 0
93 98 1
94 102 1
94 113 1
95 100 1
95 104 1
96 119 1
96 109 1
97 113 1
97 109 1
98 99 1
99 100 1
101 108 1
101 107 1
102 103 1
103 110 1
104 114 1
105 111 1
105 115 1
106 116 1
106 111 1
107 124 0
107 123 0
108 112 1
110 128 0
112 120 1
114 115 1
116 117 1
117 147 0
117 152 0
118 121 0
118 122 0
119 122 0
120 121 1
123 168 0
123 124 0
124 136 0
125 126 1
125 127 1
126 130 1
127 128 1
128 154 0
129 130 1
129 145 1
131 169 0
131 132 1
132 146 1
133 138 1
133 134 1
134 139 1
135 141 1
135 140 1
136 148 1
137 143 1
137 144 1
138 146 1
139 140 1
141 142 1
142 150 1
143 151 1
144 149 1
145 149 0
147 152 0
147 150 0
148 151 1
152 177 0
153 160 1
153 157 1
154 175 1
155 171 0
155 158 0
156 165 1
156 160 1
157 175 0
158 172 0
159 164 1
159 165 1
161 162 1
161 168 1
162 174 1
163 174 1
163 164 1
166 170 1
166 169 1
167 172 0
167 176 0
170 171 1
173 176 1
173 177 1
