0 1 1
0 66 0
1 2 1
2 3 1
3 4 1
4 7 1
5 8 1
5 9 1
6 10 1
6 11 1
7 31 1
8 41 1
9 10 1
11 42 1
12 13 1
12 43 1
13 14 1
14 15 1
15 16 1
16 17 1
17 18 1
18 19 1
19 20 1
20 44 1
21 45 1
21 46 1
22 48 1
22 47 1
23 24 1
23 48 1
24 25 1
25 26 1
26 27 1
27 28 1
28 29 1
29 30 1
30 58 0
30 113 0
31 32 1
32 33 1
33 34 1
34 35 1
35 49 1
36 37 1
36 50 1
37 38 1
38 51 1
39 53 1
39 40 1
40 41 1
42 43 1
44 45 1
46 47 1
49 50 1
51 52 1
52 53 1
54 61 1
54 55 1
55 56 1
56 57 1
57 62 1
58 59 1
58 113 1
58 125 0
59 60 1
60 61 1
62 63 1
63 65 1
64 65 1
64 134 0
66 136 0
66 67 1
67 68 1
68 69 1
69 70 1
70 87 1
71 87 1
71 88 1
72 89 1
72 73 1
73 90 1
74 101 1
74 100 1
75 76 1
75 103 1
76 77 1
77 104 1
78 107 1
78 106 1
79 112 1
79 111 1
80 81 1
80 112 1
81 82 1
82 83 1
83 84 1
84 85 1
85 86 1
86 113 1
88 89 1
90 91 1
91 114 1
92 116 1
92 115 1
93 94 1
93 120 1
94 95 1
95 121 1
96 97 1
96 122 1
97 98 1
98 99 1
99 100 1
101 102 1
102 103 1
104 105 1
105 106 1
107 108 1
108 109 1
109 110 1
110 111 1
113 192 0
114 115 1
116 117 1
117 118 1
118 119 1
119 120 1
121 122 1
123 129 1
123 128 1
124 131 1
124 132 1
125 197 0
125 126 1
125 192 0
126 127 1
127 128 1
129 130 1
130 131 1
132 133 1
133 134 1
134 196 0
135 140 1
135 141 1
136 137 1
137 138 1
138 139 1
139 140 1
141 142 1
142 143 1
143 164 1
144 174 1
144 173 1
145 176 1
145 177 1
146 147 1
146 180 1
147 181 1
148 188 1
148 149 1
149 189 1
150 189 1
150 151 1
151 152 1
152 153 1
153 154 1
154 190 1
155 156 1
155 190 1
156 157 1
157 158 1
158 159 1
159 160 1
160 161 1
161 162 1
162 163 1
163 191 1
164 165 1
165 166 1
166 167 1
167 168 1
168 169 1
169 170 1
170 171 1
171 172 1
172 173 1
174 175 1
175 176 1
177 193 1
178 179 1
178 193 1
179 180 1
181 182 1
182 183 1
183 184 1
184 185 1
185 194 1
186 195 1
186 187 1
187 188 1
191 192 1
194 195 1
196 211 0
196 209 1
196 216 0
197 225 0
197 198 1
198 199 1
199 200 1
200 201 1
201 202 1
202 203 1
203 204 1
204 205 1
205 206 1
206 207 1
207 208 1
208 209 1
210 211 1
210 215 1
211 216 1
212 230 1
212 213 1
213 214 1
214 215 1
216 238 0
217 218 1
218 219 1
218 239 0
219 220 1
220 221 1
221 231 1
222 223 1
222 231 1
223 224 1
224 232 1
225 261 0
225 234 1
226 227 1
226 234 1
227 228 1
228 229 1
229 230 1
232 233 1
233 235 1
235 236 1
236 237 1
237 275 0
238 309 0
238 257 1
239 301 0
239 248 1
240 250 1
240 249 1
241 254 1
241 242 1
242 255 1
243 255 1
243 244 1
244 245 1
245 256 1
246 247 1
246 256 1
247 257 1
248 249 1
250 251 1
251 258 1
252 260 1
252 270 1
253 260 1
253 271 1
254 261 1
258 262 1
259 280 1
259 268 1
261 317 0
261 291 0
262 263 1
263 264 1
264 274 1
265 292 1
265 279 1
266 279 1
266 267 1
267 268 1
269 280 1
269 270 1
271 272 1
272 281 1
273 282 1
273 281 1
274 275 1
275 328 0
275 295 0
276 296 1
276 295 1
277 278 1
277 296 1
278 292 1
282 283 1
283 284 1
284 285 1
285 286 1
286 297 1
287 297 1
287 288 1
288 289 1
289 293 1
290 300 1
290 291 1
293 298 1
294 300 1
294 299 1
298 299 1
301 329 0
301 302 1
302 303 1
303 310 1
304 313 1
304 314 1
305 315 1
305 314 1
306 307 1
306 315 1
307 308 1
308 309 1
309 338 0
310 311 1
311 316 1
312 313 1
312 319 1
316 320 1
317 347 0
317 318 1
318 319 1
320 321 1
321 322 1
322 323 1
323 324 1
324 325 1
325 326 1
326 327 0
327 328 1
328 354 0
328 362 0
329 395 0
329 330 1
330 333 1
331 332 1
331 336 1
332 337 1
333 334 1
334 335 1
335 339 1
336 343 1
337 338 1
338 405 0
339 344 1
340 341 1
340 350 1
341 342 1
342 343 1
344 345 1
345 351 1
346 347 1
346 390 1
347 348 1
348 349 1
349 350 1
351 352 1
352 353 1
353 354 1
354 362 1
355 372 1
355 365 1
356 373 1
356 365 1
357 366 1
357 379 1
358 380 1
358 368 1
359 370 1
359 369 1
360 370 1
360 371 1
361 371 1
361 374 1
362 421 0
362 363 0
363 364 0
364 372 0
366 367 1
367 368 1
367 464 0
369 380 1
373 379 1
374 375 1
374 465 0
375 376 1
376 381 1
377 378 1
377 382 1
378 383 1
381 382 1
383 384 1
384 391 1
385 386 1
385 392 1
386 394 1
387 388 1
387 393 1
388 389 1
389 390 1
390 418 0
391 392 1
393 394 1
395 424 0
395 401 1
396 401 1
396 397 1
397 398 1
398 399 1
399 400 1
400 406 1
402 403 1
402 413 1
403 404 1
404 414 1
405 438 0
405 415 1
406 407 1
407 416 1
408 419 1
408 409 1
409 410 1
410 411 1
411 412 1
412 413 1
414 415 1
416 420 1
417 421 1
417 420 1
418 419 0
419 429 0
421 447 0
422 424 1
422 423 1
423 425 1
424 484 0
425 426 1
426 427 1
427 428 1
428 439 1
429 493 0
429 430 1
430 431 1
431 432 1
432 433 1
433 434 1
434 442 1
435 443 1
435 436 1
436 437 1
437 438 1
438 444 1
438 489 0
439 440 1
440 441 1
441 445 1
442 443 1
445 446 1
446 447 1
447 504 0
447 505 0
448 449 1
448 450 1
449 453 1
450 454 1
451 452 1
451 460 1
452 453 1
454 461 1
455 467 0
455 462 0
456 473 1
456 472 1
457 458 0
457 505 0
458 459 1
459 460 1
461 464 1
462 466 1
463 480 1
463 473 1
464 545 0
465 554 0
465 475 1
466 475 0
467 468 1
468 469 1
469 476 1
470 483 1
470 479 1
471 483 1
471 472 1
474 480 1
474 493 1
474 530 0
475 554 0
476 481 1
477 481 1
477 478 1
478 482 1
479 482 1
484 507 0
484 485 1
485 486 1
486 487 1
487 490 1
488 497 1
488 498 1
489 500 0
490 491 1
491 492 1
492 501 1
493 494 1
494 495 1
495 496 1
496 497 1
498 499 1
499 500 1
501 502 1
502 503 1
503 506 1
504 506 1
504 505 1
505 519 0
507 543 0
507 508 1
508 509 1
509 510 1
510 512 1
511 513 1
511 512 1
513 514 1
514 515 1
515 516 1
516 517 1
517 518 1
518 520 1
519 520 1
519 521 0
520 565 0
521 522 0
522 523 1
523 524 0
524 525 0
525 526 1
526 544 1
527 545 1
527 532 1
528 537 1
528 538 1
529 542 1
529 530 1
530 608 0
531 552 1
531 553 1
532 553 1
533 534 1
533 547 1
534 548 1
535 548 1
535 536 1
536 537 1
538 539 1
539 540 1
540 541 1
541 549 1
542 550 1
543 566 0
543 556 1
544 551 0
545 604 0
546 561 1
546 554 1
547 555 1
549 550 1
551 552 1
554 609 0
555 561 1
556 557 1
557 558 1
558 559 1
559 560 1
560 562 1
562 563 1
563 564 1
564 565 1
565 576 0
565 577 0
566 580 0
566 567 1
567 570 1
568 570 1
568 569 1
569 571 1
571 572 1
572 573 1
573 574 1
574 575 1
575 576 1
576 577 1
577 618 0
578 590 1
578 589 1
579 584 1
579 592 1
580 624 0
580 581 1
581 585 1
582 587 1
582 588 1
583 591 1
583 592 1
584 599 1
585 594 1
586 597 1
586 598 1
587 618 0
588 589 1
590 591 1
593 605 0
593 610 0
594 595 1
595 596 1
596 597 1
598 602 1
599 600 1
600 604 1
601 614 1
601 606 1
602 603 1
603 618 1
604 680 0
605 609 0
606 613 1
607 617 1
607 616 1
608 668 0
608 617 1
609 670 0
610 619 0
611 621 1
611 612 1
612 613 1
614 615 1
615 622 1
616 622 1
618 633 0
619 620 1
620 621 1
623 625 1
623 626 1
624 635 0
624 625 1
626 627 1
627 628 1
628 629 1
629 630 1
630 631 1
631 632 1
632 634 1
633 648 0
633 634 1
633 657 0
635 698 0
635 639 1
636 637 1
636 639 1
637 638 1
638 640 1
639 698 0
640 641 1
641 642 1
642 645 1
643 646 1
643 645 1
644 652 1
644 649 1
646 647 1
647 651 1
648 657 1
648 651 1
649 658 0
650 653 1
650 659 1
652 659 1
653 654 1
654 660 1
655 663 1
655 679 1
656 666 1
656 665 1
657 709 0
657 658 0
660 661 1
661 662 1
662 663 1
664 689 1
664 674 1
665 675 1
666 676 1
667 678 1
667 668 1
668 725 0
669 683 1
669 682 1
670 687 1
670 686 1
671 688 1
671 687 1
672 673 1
672 694 1
673 674 1
675 690 1
676 677 1
677 691 1
678 692 1
679 680 1
680 681 1
681 682 1
683 684 1
684 685 1
685 686 1
688 693 1
689 690 1
691 692 1
693 694 1
695 698 1
695 699 1
696 699 1
696 697 1
697 700 1
698 715 0
700 701 1
701 702 1
702 706 1
703 704 1
703 706 1
704 705 1
705 707 1
707 708 1
707 718 0
708 709 1
708 726 0
709 726 0
710 715 1
710 711 1
711 712 1
712 713 1
713 714 1
714 716 1
716 717 1
717 718 1
719 722 1
719 723 1
720 729 1
720 721 1
721 744 0
722 742 1
723 743 0
724 743 1
724 725 1
726 727 0
727 728 1
728 729 1
730 731 1
730 744 1
731 745 1
732 746 1
732 745 1
733 746 1
733 734 1
734 735 1
735 736 1
736 747 1
737 749 1
737 750 1
738 751 1
738 760 1
739 757 1
739 758 1
740 755 1
740 759 1
741 742 1
741 756 1
747 748 1
748 749 1
750 751 1
752 757 1
752 760 1
753 758 1
753 754 1
754 759 1
755 756 1
761 764 0
761 762 0
762 763 1
