0 1 1
1 2 1
3 4 1
4 5 1
5 6 1
6 7 1
7 18 0
9 11 1
10 11 1
10 12 1
12 15 1
13 16 1
13 14 1
14 15 1
16 17 1
17 18 1
18 49 0
19 27 1
20 21 1
20 23 1
21 24 1
22 27 1
22 26 1
23 32 1
24 25 1
25 28 1
26 28 1
27 55 0
29 30 1
29 34 1
30 31 1
31 32 1
33 35 1
33 36 1
34 36 1
35 38 1
37 42 1
37 41 1
38 43 1
39 40 1
39 45 1
40 42 1
41 43 1
44 45 1
44 48 1
46 47 1
46 48 1
47 51 1
49 76 0
49 52 1
50 51 1
50 52 1
53 58 1
53 60 1
54 58 1
54 55 1
55 87 0
56 57 1
56 59 1
57 62 1
59 60 1
61 62 1
61 64 1
63 67 1
63 68 1
64 68 1
65 75 1
65 70 1
66 67 1
66 71 1
69 73 1
69 77 1
70 71 1
72 79 1
72 78 1
73 74 1
74 75 1
76 107 0
76 80 1
76 111 0
77 79 1
78 80 1
81 82 1
81 91 1
82 84 1
83 89 1
83 88 1
84 90 1
85 93 1
85 86 1
86 87 1
86 112 0
87 112 0
88 94 1
89 92 1
90 92 1
91 93 1
94 96 1
95 98 1
95 97 1
96 100 1
97 99 1
98 100 1
99 101 1
101 103 1
102 106 1
102 103 1
104 108 1
104 109 1
105 109 1
105 110 1
106 110 1
107 111 1
107 108 1
111 134 0
112 139 0
112 114 1
112 138 0
113 118 1
113 117 1
114 120 1
115 123 1
115 119 1
116 121 1
116 119 1
117 122 1
118 120 1
121 122 1
123 126 0
124 126 1
124 125 1
125 130 1
127 137 1
127 131 1
128 132 1
128 131 1
129 130 1
129 132 1
133 134 1
133 135 1
134 163 0
135 136 1
136 137 1
138 167 0
138 139 1
139 140 1
140 141 1
141 146 1
142 143 1
142 144 1
143 150 1
144 147 1
145 149 1
145 146 1
147 148 1
148 149 1
150 154 1
151 152 1
151 157 1
152 153 1
153 154 1
155 158 1
155 156 1
156 157 1
158 159 1
159 160 1
160 161 1
161 162 1
162 165 1
163 195 0
163 164 1
164 165 1
166 169 1
166 171 1
167 169 1
168 170 1
168 173 1
169 197 0
170 171 1
172 175 1
172 179 1
173 175 1
174 184 1
174 177 1
176 180 1
176 187 1
177 183 1
178 185 1
178 179 1
180 181 1
181 186 1
182 186 1
182 183 1
184 185 1
187 190 0
188 189 1
188 194 1
189 190 1
191 192 1
191 195 1
192 196 1
193 194 1
193 196 1
195 223 0
197 232 0
197 201 1
197 227 0
198 200 1
198 199 1
199 202 1
200 201 1
202 203 1
203 207 1
204 205 1
204 208 1
205 209 1
206 210 1
206 209 1
207 210 1
208 211 1
211 212 1
212 214 1
213 214 1
213 220 1
215 221 1
215 226 1
216 219 1
216 220 1
217 218 1
217 221 1
218 219 1
222 224 1
222 223 1
223 257 0
224 225 1
225 226 1
227 262 0
227 232 1
228 229 1
228 235 1
229 237 1
230 237 1
230 231 1
231 232 1
231 237 1
233 236 1
233 243 1
234 236 1
234 235 1
237 260 0
238 244 1
238 239 1
239 240 1
240 241 1
241 242 1
242 243 1
244 245 1
245 246 1
246 251 1
247 255 1
247 253 1
248 252 1
248 253 1
249 250 1
249 252 1
250 251 1
254 255 1
254 256 1
256 258 1
257 287 0
257 259 1
258 259 1
260 270 0
260 266 1
261 264 1
261 262 1
262 293 0
263 265 1
263 268 1
264 266 1
265 267 1
267 272 1
268 270 1
269 272 1
269 271 1
271 274 1
273 274 1
273 276 1
275 277 1
275 279 1
276 277 1
278 280 1
278 282 1
279 281 1
280 281 1
282 283 1
283 284 1
284 286 1
285 289 1
285 290 1
286 291 1
287 314 0
287 292 1
288 292 1
288 289 1
290 291 1
292 314 0
293 320 0
293 294 1
294 301 1
295 297 1
295 298 1
296 297 1
296 302 1
298 300 1
299 302 1
299 304 1
300 303 1
301 303 1
304 306 1
305 309 1
305 310 1
306 310 1
307 308 1
307 312 1
308 311 1
309 311 1
312 313 1
313 317 1
314 342 0
314 315 1
315 316 1
316 317 1
318 320 1
319 321 1
319 325 1
320 322 1
320 353 0
321 322 1
323 325 1
323 324 1
324 326 1
326 329 1
327 328 1
327 332 1
328 329 1
330 331 1
330 335 1
331 332 1
333 334 1
333 337 1
334 335 1
336 340 1
336 337 1
338 339 1
338 341 1
339 340 1
341 344 1
342 372 0
342 343 1
343 345 1
344 345 1
346 347 1
346 353 1
347 352 1
348 350 1
348 354 1
349 350 1
349 356 1
351 352 1
351 354 1
353 378 0
353 381 0
355 356 1
355 357 1
357 358 1
358 359 1
359 360 1
360 367 1
361 362 1
361 375 1
362 363 1
363 364 1
364 365 1
365 368 1
366 371 1
366 367 1
368 369 1
369 370 1
370 373 1
371 373 1
372 408 0
372 376 1
374 376 1
374 375 1
377 380 1
377 379 1
378 381 1
378 380 1
379 383 1
381 411 0
382 383 1
382 385 1
384 386 1
384 388 1
385 387 1
386 387 1
388 389 1
389 393 1
390 391 1
390 400 1
391 392 1
392 395 1
393 396 1
394 397 1
394 398 1
395 396 1
397 405 1
398 401 1
399 400 1
399 403 1
401 402 1
402 403 1
404 406 1
404 407 1
405 406 1
407 408 1
408 436 0
409 410 1
409 412 1
410 411 1
411 441 0
412 417 0
413 416 1
413 418 1
414 416 1
414 417 1
415 420 1
415 418 1
419 426 1
419 420 1
421 430 1
421 422 1
422 423 1
423 424 1
424 425 1
425 426 1
427 435 1
427 428 1
428 432 1
429 430 1
429 431 1
431 433 1
432 434 1
433 434 1
435 438 1
436 468 0
436 437 1
437 438 1
439 442 1
439 440 1
440 441 1
440 470 0
441 470 0
442 444 1
443 444 1
443 446 1
445 446 1
445 448 1
447 454 1
447 448 1
449 452 1
449 453 1
450 452 1
450 451 1
451 457 1
453 458 1
454 456 1
455 456 1
455 458 1
457 459 1
459 462 1
460 461 1
460 465 1
461 466 1
462 466 1
463 464 1
463 467 1
464 465 1
467 469 1
468 495 0
468 469 1
470 499 0
470 472 1
471 473 1
471 472 1
473 477 1
474 477 1
474 476 1
475 476 1
475 478 1
478 481 1
479 483 1
479 485 1
480 483 1
480 481 1
482 486 1
482 484 1
484 485 1
486 490 1
487 488 1
487 492 1
488 491 1
489 492 1
489 490 1
491 493 1
493 494 1
494 496 1
495 525 0
495 497 1
496 498 1
497 498 1
499 500 1
500 503 1
500 528 0
501 502 1
501 506 1
502 503 1
504 507 1
504 505 1
505 506 1
507 508 1
508 511 1
509 516 1
509 510 1
510 511 1
512 513 1
512 515 1
513 516 1
514 519 1
514 520 1
515 519 1
517 518 1
517 522 1
518 520 1
521 522 1
521 524 1
523 527 1
523 524 1
525 558 0
525 526 1
526 527 1
528 557 0
528 530 1
529 535 1
529 530 1
531 533 1
531 534 1
532 533 1
532 537 1
534 535 1
536 537 1
536 539 1
538 541 1
538 539 1
540 544 1
540 543 1
541 544 1
542 543 1
542 548 1
545 547 1
545 546 1
546 549 1
547 548 1
549 550 1
550 551 1
551 553 1
552 555 1
552 558 1
553 554 1
554 556 1
555 556 1
557 588 0
557 559 1
558 585 0
559 560 1
560 562 1
561 562 1
561 567 1
563 565 1
563 566 1
564 570 1
564 568 1
565 568 1
566 567 1
569 570 1
569 571 1
571 573 1
572 573 1
572 574 1
574 576 1
575 576 1
575 579 1
577 581 1
577 578 1
578 579 1
580 581 1
580 582 1
582 583 1
583 586 1
584 587 1
584 590 1
585 616 0
585 586 1
587 589 1
588 621 0
588 590 1
589 591 1
591 593 1
592 597 1
592 596 1
593 598 1
594 599 1
594 595 1
595 596 1
597 598 1
599 600 1
600 602 1
601 602 1
601 606 1
603 605 1
603 609 1
604 606 1
604 609 1
605 608 1
607 610 1
607 608 1
610 611 1
611 612 1
612 614 1
613 618 1
613 615 1
614 615 1
616 648 0
616 618 1
617 622 1
617 619 1
619 620 1
620 621 1
620 653 0
621 653 0
622 624 1
623 627 1
623 626 1
624 628 1
625 629 1
625 627 1
626 628 1
629 631 1
630 631 1
630 637 1
632 634 1
632 633 1
633 638 1
634 635 1
635 636 1
636 637 1
638 639 1
639 640 1
640 641 1
641 642 1
642 643 1
643 644 1
644 646 1
645 647 1
645 646 1
647 650 1
648 682 0
648 649 1
649 650 1
651 655 1
651 654 1
652 653 1
652 655 1
653 687 0
653 688 0
654 656 1
656 657 1
657 660 1
658 659 1
658 665 1
659 662 1
660 665 1
661 663 1
661 668 1
662 664 1
663 664 1
666 669 1
666 667 1
667 668 1
669 671 1
670 673 1
670 671 1
672 673 1
672 676 1
674 675 1
674 677 1
675 676 1
677 678 1
678 679 1
679 680 1
680 681 1
681 683 1
682 719 0
682 683 1
684 689 1
684 685 1
685 690 1
686 687 1
686 690 1
687 688 1
688 713 0
689 691 1
691 692 1
692 693 1
693 694 1
694 697 1
695 698 1
695 701 1
696 700 1
696 697 1
698 699 1
699 700 1
701 702 1
702 703 1
703 704 1
704 705 1
705 707 1
706 708 1
706 707 1
708 710 1
709 710 1
709 711 1
711 712 1
712 714 1
713 749 0
713 715 1
714 716 1
715 718 1
716 720 1
717 721 1
717 726 1
718 722 1
719 760 0
719 724 1
720 723 1
721 722 1
723 725 1
724 725 1
726 727 1
727 728 1
728 730 1
729 733 1
729 730 1
731 735 1
731 732 1
732 733 1
734 735 1
734 737 1
736 739 1
736 737 1
738 739 1
738 740 1
740 743 1
741 742 1
741 747 1
742 743 1
744 751 1
744 745 1
745 746 1
746 747 1
748 749 1
748 753 1
749 784 0
750 754 1
750 755 1
751 755 1
752 757 1
752 753 1
754 759 1
756 762 1
756 757 1
758 760 1
758 759 1
760 792 0
761 763 1
761 766 1
762 763 1
764 765 1
764 767 1
765 766 1
767 768 1
768 771 1
769 770 1
769 773 1
770 772 1
771 772 1
773 776 0
774 777 1
774 775 1
775 776 1
777 779 1
778 783 1
778 779 1
780 781 1
780 785 1
781 782 1
782 783 1
784 786 1
785 787 1
786 790 1
786 822 0
787 793 1
788 789 1
788 791 1
789 790 1
791 794 1
792 823 0
792 793 1
794 795 1
795 796 1
796 797 1
797 800 1
798 801 1
798 799 1
799 800 1
801 803 1
802 804 1
802 803 1
804 805 1
805 808 1
806 807 1
806 809 1
807 808 1
809 812 1
810 813 1
810 815 1
811 812 1
811 813 1
814 819 1
814 815 1
816 824 1
816 820 1
817 818 1
817 820 1
818 819 1
821 825 1
821 829 1
822 852 0
822 827 1
822 850 0
823 866 0
823 828 1
824 828 1
825 826 1
826 827 1
829 831 1
830 831 1
830 832 1
832 834 1
833 836 1
833 834 1
835 836 1
835 837 1
837 838 1
838 841 1
839 840 1
839 843 1
840 841 1
842 844 1
842 843 1
844 846 1
845 848 1
845 849 1
846 849 1
847 848 1
847 851 1
850 895 0
850 852 1
851 853 1
852 857 1
853 855 1
854 855 1
854 859 1
856 865 1
856 862 1
857 863 1
858 860 1
858 859 1
860 864 1
861 869 1
861 865 1
862 863 1
864 866 1
866 899 0
867 868 1
867 870 1
868 869 1
870 874 1
871 872 1
871 873 1
872 874 1
873 876 1
875 876 1
875 877 1
877 879 1
878 879 1
878 880 1
880 882 1
881 882 1
881 883 1
883 890 1
884 888 1
884 885 1
885 886 1
886 889 1
887 891 1
887 892 1
888 892 1
889 893 1
889 921 0
890 896 1
891 894 1
893 895 1
894 901 1
895 950 0
896 898 1
897 898 1
897 900 1
899 940 0
899 903 1
900 903 1
901 902 1
902 904 1
903 940 0
904 905 1
905 906 1
906 908 1
907 910 1
907 909 1
908 910 1
909 912 1
911 914 1
911 912 1
913 915 1
913 914 1
915 919 1
916 917 1
916 920 1
917 918 1
918 919 1
920 922 1
921 950 0
921 927 1
922 928 1
923 931 1
923 924 1
924 926 1
925 930 1
925 931 1
926 927 1
928 932 1
929 935 1
929 933 1
930 935 1
932 934 1
933 939 1
934 937 1
936 938 1
936 937 1
938 940 1
939 941 1
940 966 0
941 942 1
942 944 1
943 946 1
943 945 1
944 945 1
946 947 1
947 949 1
948 949 1
948 951 1
950 977 0
950 953 1
951 952 1
952 954 1
953 959 1
953 977 0
954 960 1
955 961 1
955 957 1
956 958 1
956 959 1
957 958 1
960 962 1
961 965 1
962 963 1
963 966 1
964 965 1
964 967 1
966 993 0
967 968 1
968 969 1
969 970 1
970 974 1
971 972 1
971 975 1
972 973 1
973 974 1
975 976 1
976 978 1
977 1007 0
977 980 1
978 979 1
979 984 1
980 981 1
981 987 1
982 983 1
982 989 1
983 984 1
985 990 1
985 986 1
986 988 1
987 988 1
989 991 1
990 992 1
991 993 1
992 994 1
993 1023 0
994 996 1
995 997 1
995 996 1
997 998 1
998 999 1
999 1001 1
1000 1004 1
1000 1001 1
1002 1003 1
1002 1005 1
1003 1004 1
1005 1006 1
1006 1011 1
1007 1008 1
1007 1012 1
1007 1040 0
1008 1013 1
1009 1013 1
1010 1011 1
1010 1014 1
1012 1015 1
1014 1016 1
1015 1018 1
1016 1020 1
1017 1018 1
1017 1021 1
1019 1020 1
1019 1025 1
1021 1022 1
1022 1026 1
1023 1053 0
1023 1024 1
1024 1025 1
1024 1053 0
1026 1027 1
1027 1028 1
1028 1030 1
1029 1030 1
1029 1031 1
1031 1034 1
1032 1033 1
1032 1035 1
1033 1034 1
1035 1036 1
1036 1037 1
1037 1038 1
1038 1044 1
1039 1047 1
1039 1040 1
1040 1073 0
1041 1042 1
1041 1043 1
1042 1046 1
1043 1044 1
1045 1047 1
1045 1048 1
1046 1049 1
1048 1050 1
1049 1051 1
1050 1052 1
1051 1053 1
1052 1058 1
1053 1083 0
1054 1056 1
1054 1055 1
1055 1060 1
1056 1057 1
1057 1058 1
1059 1060 1
1059 1061 1
1061 1062 1
1062 1063 1
1063 1064 1
1064 1065 1
1065 1066 1
1066 1067 1
1067 1068 1
1068 1069 1
1069 1072 1
1070 1071 1
1070 1072 1
1071 1074 1
1073 1104 0
1073 1078 1
1074 1076 1
1075 1078 1
1075 1077 1
1076 1079 1
1077 1080 1
1078 1104 0
1079 1084 1
1080 1082 1
1081 1082 1
1081 1085 1
1083 1114 0
1083 1084 1
1085 1091 0
1086 1090 1
1086 1091 1
1087 1088 1
1087 1092 1
1088 1089 1
1089 1090 1
1092 1094 1
1093 1094 1
1093 1095 1
1095 1096 1
1096 1097 1
1097 1099 1
1098 1099 1
1098 1100 1
1100 1101 1
1101 1103 1
1102 1106 1
1102 1103 1
1104 1136 0
1104 1107 1
1105 1106 1
1105 1108 1
1107 1111 1
1108 1113 1
1109 1118 1
1109 1112 1
1110 1111 1
1110 1112 1
1113 1114 1
1114 1147 0
1115 1119 1
1115 1116 1
1116 1117 1
1117 1118 1
1119 1120 1
1120 1121 1
1121 1122 1
1122 1124 1
1123 1130 1
1123 1125 1
1124 1125 1
1126 1133 1
1126 1127 1
1127 1128 1
1128 1131 1
1129 1131 1
1129 1130 1
1132 1134 1
1132 1138 1
1133 1137 1
1134 1135 1
1135 1136 1
1136 1160 0
1137 1140 1
1138 1142 1
1139 1140 1
1139 1143 1
1141 1144 1
1141 1146 1
1142 1145 1
1142 1165 0
1143 1147 1
1144 1148 1
1145 1146 1
1147 1178 0
1148 1150 1
1149 1152 1
1149 1150 1
1151 1153 1
1151 1156 1
1152 1153 1
1154 1155 1
1154 1159 1
1155 1157 1
1156 1157 1
1158 1159 1
1158 1163 1
1160 1162 1
1160 1164 1
1161 1167 1
1161 1171 1
1163 1167 1
1164 1166 1
1165 1201 0
1165 1168 1
1165 1172 1
1166 1169 1
1168 1169 1
1170 1177 1
1170 1173 1
1171 1173 1
1172 1175 1
1174 1175 1
1174 1176 1
1176 1179 1
1177 1178 1
1178 1207 0
1179 1180 1
1180 1181 1
1181 1182 1
1182 1183 1
1183 1184 1
1184 1185 1
1185 1187 1
1186 1187 1
1186 1188 1
1188 1190 1
1189 1193 1
1189 1190 1
1191 1192 1
1191 1196 1
1192 1195 1
1193 1194 1
1194 1195 1
1196 1206 0
1197 1205 1
1198 1199 1
1198 1204 1
1199 1200 1
1200 1201 1
1201 1202 1
1202 1205 1
1203 1204 1
1203 1209 1
1206 1208 1
1207 1231 0
1207 1208 1
1209 1211 1
1210 1211 1
1210 1214 1
1212 1213 1
1212 1215 1
1213 1214 1
1215 1216 1
1216 1219 1
1217 1220 1
1217 1221 1
1218 1220 1
1218 1219 1
1221 1224 1
1222 1225 1
1222 1223 1
1223 1224 1
1225 1228 1
1226 1229 1
1226 1227 1
1227 1228 1
1229 1230 1
1230 1231 1
