0 1 1
0 12 0
1 3 1
2 4 1
3 4 1
5 8 0
6 10 1
6 16 1
7 8 1
7 11 1
8 58 0
9 26 1
9 27 1
10 11 1
12 98 0
12 50 1
12 55 0
13 17 1
13 18 1
14 18 1
14 19 1
15 25 1
15 26 1
16 27 1
17 31 1
19 32 1
20 43 1
20 21 1
21 44 1
22 35 1
22 34 1
23 37 1
23 24 1
24 48 1
25 48 1
28 39 1
28 53 1
29 40 1
29 41 1
30 31 0
30 41 0
32 42 1
33 44 1
33 45 1
34 45 1
35 46 1
36 47 1
36 37 1
38 51 1
38 52 1
39 40 1
42 43 1
46 47 1
49 54 1
49 57 1
50 51 1
52 56 1
53 56 0
54 55 1
58 108 0
58 59 1
59 62 1
60 64 1
60 63 1
61 66 1
61 63 1
62 64 1
65 69 1
65 83 1
66 78 1
67 68 1
67 93 1
68 69 1
70 85 1
70 84 1
71 72 1
71 87 1
72 88 1
73 74 1
73 94 1
74 75 1
75 76 1
76 90 1
77 90 1
77 78 1
79 80 1
79 92 1
79 120 0
80 81 1
81 82 1
82 93 1
83 97 1
84 97 1
85 86 1
86 87 1
88 89 1
89 94 1
91 101 1
91 100 1
92 96 1
95 105 1
95 107 1
96 105 1
96 142 0
98 141 0
98 99 1
99 100 1
101 104 1
102 103 1
102 104 1
103 107 1
108 155 0
108 113 1
109 112 1
109 110 1
110 114 1
111 112 1
111 132 1
113 115 1
114 115 1
116 128 1
116 120 1
117 121 1
117 118 1
118 119 1
119 122 1
120 164 0
121 128 1
122 133 1
123 129 1
123 134 1
124 125 1
124 129 1
125 130 1
126 131 1
126 130 1
127 132 1
127 136 1
131 139 1
133 143 1
134 138 1
135 136 1
135 140 1
137 144 1
137 142 1
138 143 1
139 140 1
141 199 0
141 145 1
142 185 0
144 146 1
145 147 1
146 149 1
147 150 1
148 149 1
148 151 1
150 151 1
152 158 1
152 157 1
153 161 1
153 154 1
154 155 1
154 201 0
155 201 0
156 170 1
156 163 1
157 162 1
158 159 1
159 161 1
160 167 1
160 162 1
163 166 1
164 177 1
164 165 1
165 168 1
166 169 1
167 176 0
168 178 1
169 178 1
170 186 0
171 172 1
171 188 1
172 179 1
173 179 1
173 174 1
174 180 1
175 180 1
175 181 1
176 183 1
177 185 1
181 189 1
182 183 1
182 190 1
184 193 1
184 191 1
185 192 1
186 187 1
187 188 1
189 190 1
189 226 0
191 192 1
193 194 1
194 195 1
195 198 1
196 197 1
196 200 1
197 198 1
199 249 0
199 200 1
201 250 0
201 204 1
202 210 1
202 206 1
203 207 1
203 204 1
205 208 1
205 213 1
206 211 1
207 211 1
208 217 1
209 220 1
209 219 1
210 215 1
212 213 1
212 216 1
214 235 1
214 228 1
215 229 1
216 230 1
217 221 1
218 222 1
218 221 1
219 234 1
220 224 1
222 231 1
223 234 1
223 236 1
224 237 1
225 237 1
225 226 1
226 270 0
226 227 1
227 235 1
228 229 1
230 238 1
231 232 1
232 233 1
233 236 1
238 240 1
239 240 1
239 243 1
241 242 1
241 246 1
242 243 1
244 248 1
244 245 1
245 247 1
246 247 1
248 249 1
249 295 0
250 251 0
251 259 0
252 254 1
252 253 1
253 258 1
254 255 1
255 256 1
256 257 1
257 259 1
258 261 1
260 261 1
260 271 1
262 264 1
262 265 1
263 267 1
263 266 1
264 272 1
265 266 1
267 273 1
268 282 1
268 269 1
269 283 1
270 278 1
270 279 1
271 279 1
272 286 1
273 274 1
274 280 1
275 280 1
275 276 1
276 281 1
277 282 1
277 281 1
278 285 1
279 298 0
283 284 1
284 285 1
286 287 1
287 288 1
288 289 1
288 317 0
289 291 1
290 292 1
290 293 1
291 293 1
292 294 1
294 296 1
295 296 1
297 300 1
297 299 1
298 325 0
298 300 1
299 306 1
300 325 0
301 305 1
301 302 1
302 303 1
303 306 1
304 309 1
304 312 1
305 308 1
307 309 1
307 308 1
310 311 1
310 313 1
311 321 1
312 315 0
313 316 1
314 316 1
314 315 1
317 355 0
317 322 0
318 319 1
318 320 1
319 321 1
320 324 1
322 323 0
322 355 0
323 324 1
325 356 0
325 328 1
326 327 1
326 333 1
327 337 1
328 330 1
329 335 1
329 334 1
330 335 1
331 332 1
331 339 1
332 338 1
333 334 1
336 338 1
336 337 1
339 341 1
340 343 1
340 341 1
342 351 1
342 353 1
343 349 1
344 345 1
344 351 1
345 346 1
346 347 1
347 348 1
348 349 1
350 352 1
350 353 1
352 354 1
354 355 1
355 383 0
356 359 1
357 358 1
357 360 1
358 359 1
360 363 1
361 362 1
361 364 1
362 363 1
364 368 1
365 366 1
365 377 1
366 367 1
367 368 1
368 384 0
369 380 1
369 379 1
370 371 1
370 381 1
371 372 1
372 373 1
373 374 1
373 387 0
374 375 1
375 376 1
376 377 1
378 379 1
378 382 1
380 381 1
382 383 1
384 411 0
384 385 1
385 389 1
386 388 1
386 387 1
387 425 0
388 390 1
389 390 1
391 394 1
391 443 0
392 396 1
392 395 1
393 398 1
393 397 1
394 399 1
395 404 1
396 397 1
398 399 1
400 406 1
400 409 1
401 403 1
401 406 1
402 403 1
402 404 1
405 408 1
405 407 1
407 411 1
408 409 1
410 414 1
410 418 1
411 413 1
412 413 1
412 414 1
415 420 1
415 428 1
416 422 1
416 421 1
417 424 1
417 423 1
418 427 1
419 420 0
419 431 0
421 429 1
422 423 1
424 430 1
425 430 1
425 426 1
426 427 1
428 429 1
431 433 0
432 435 1
432 433 1
434 437 1
434 435 1
436 437 1
436 477 0
438 443 1
438 441 1
439 440 1
439 446 1
440 441 1
442 444 1
442 445 1
443 482 0
444 448 1
445 446 1
447 451 1
447 456 1
448 449 1
449 453 1
450 455 1
450 458 1
451 457 1
452 453 1
452 457 1
454 459 1
454 460 1
455 460 1
456 458 1
459 461 1
461 464 1
462 465 1
462 469 1
463 467 1
463 472 1
464 468 1
465 466 1
466 470 1
467 468 1
469 476 1
470 471 1
471 472 1
473 475 1
473 474 1
474 476 1
475 480 1
477 527 0
477 478 1
478 479 1
479 480 1
481 482 1
481 486 1
482 531 0
483 487 1
483 489 1
484 485 1
484 487 1
485 488 1
486 488 1
489 490 1
490 492 1
491 494 1
491 501 1
492 494 1
493 496 1
493 503 1
495 498 1
495 499 1
496 497 1
497 498 1
499 500 1
500 501 1
502 512 1
502 504 1
503 505 1
504 511 1
505 514 1
506 522 1
506 515 1
507 508 1
507 519 1
508 509 1
509 510 1
510 520 1
511 517 1
512 513 1
513 518 1
514 518 1
515 524 1
516 521 1
516 517 1
519 523 1
520 521 1
522 525 1
523 525 1
524 526 0
526 530 1
527 575 0
527 528 1
528 529 1
529 530 1
531 533 1
532 534 1
532 538 1
533 535 1
534 537 1
535 538 1
536 539 1
536 537 1
539 545 1
540 543 1
540 544 1
541 542 1
541 555 1
542 556 1
543 557 1
544 545 1
546 549 1
546 550 1
547 548 1
547 552 1
548 559 1
549 563 0
550 551 1
551 552 1
553 554 1
553 561 1
554 555 1
556 560 1
557 560 1
558 562 1
558 563 1
559 564 1
561 566 1
562 565 1
564 566 1
564 578 0
565 570 1
567 568 1
567 569 1
568 577 1
569 573 1
570 573 1
571 572 1
571 576 1
572 574 1
574 577 1
575 596 0
575 576 1
578 580 0
579 581 1
579 582 1
580 581 0
582 583 1
583 584 1
584 586 1
585 586 1
585 589 1
587 588 1
587 591 1
588 589 1
590 594 1
590 597 1
591 595 1
592 593 1
592 596 1
593 594 1
595 597 1
