0 2 1
0 1 1
1 3 0
3 4 0
4 5 0
6 7 0
7 8 0
7 21 0
8 9 0
9 11 0
10 20 0
11 12 0
12 13 0
13 14 0
14 15 0
15 16 0
16 17 0
17 22 0
18 19 1
19 20 1
20 67 0
21 23 0
22 32 0
23 31 0
24 26 1
24 42 0
25 30 0
26 27 1
27 28 1
28 29 1
30 62 0
30 63 0
31 33 0
32 35 0
32 53 0
33 34 0
34 36 0
35 38 0
36 37 0
37 41 0
38 39 0
39 40 0
39 57 0
40 41 0
42 79 0
42 43 1
43 44 1
44 49 0
45 46 1
45 50 1
46 47 1
47 48 1
47 77 0
48 52 0
49 50 0
51 71 0
52 56 0
53 78 0
53 54 1
54 56 1
55 65 1
55 60 1
57 82 0
57 68 1
58 68 0
58 59 0
59 64 1
60 61 1
61 66 1
62 67 1
62 63 1
63 98 0
64 65 1
66 67 1
69 73 0
69 70 0
70 74 1
71 120 0
71 96 0
71 130 0
72 73 0
72 75 0
74 76 1
75 79 1
76 80 1
76 105 0
77 101 0
77 80 1
77 83 1
78 87 1
78 86 1
79 114 0
80 101 0
81 85 1
81 83 1
82 87 0
82 100 0
84 85 1
84 86 1
88 92 1
88 97 1
89 94 1
89 90 1
90 95 1
91 92 1
91 99 1
93 94 1
93 97 1
95 98 1
96 98 0
98 119 0
99 100 1
100 125 0
101 137 0
101 102 1
102 111 1
103 111 1
103 110 1
104 108 1
104 114 1
105 142 0
105 109 1
106 112 1
106 107 1
107 113 0
108 109 1
108 138 0
110 112 1
113 125 0
114 154 0
115 121 1
115 125 1
116 123 1
116 122 1
117 118 1
117 124 1
118 119 1
119 146 0
120 156 0
121 126 1
122 127 1
123 124 1
125 144 0
126 128 1
127 129 1
128 129 1
130 159 0
131 132 1
131 133 1
132 134 1
133 137 1
134 135 1
135 136 1
136 140 1
137 142 0
138 182 0
138 139 1
139 142 1
140 143 0
141 147 1
141 143 1
143 165 0
144 147 1
144 148 1
145 152 1
145 149 1
146 171 0
146 158 0
148 152 1
149 150 1
150 151 1
151 153 1
153 155 1
154 188 0
155 157 1
156 187 0
157 158 1
159 176 0
160 161 1
160 162 1
161 163 1
162 174 0
163 165 0
164 174 1
164 173 1
165 194 0
165 166 1
166 178 1
167 168 1
167 178 1
168 169 1
169 170 1
170 179 1
171 215 0
171 186 1
172 182 1
172 173 1
175 185 1
175 181 1
176 189 0
177 182 1
177 188 1
179 183 1
180 185 1
180 184 1
181 186 1
183 184 1
187 210 0
188 206 0
189 219 0
190 192 1
190 197 1
191 192 1
191 196 1
193 194 1
193 197 1
194 198 1
195 202 1
195 201 1
196 205 1
198 199 1
199 200 1
200 201 1
200 227 0
202 203 1
203 212 1
204 213 1
204 212 1
205 209 1
206 249 0
206 208 1
207 211 1
207 209 1
208 211 1
210 218 0
210 216 0
210 220 0
213 214 0
214 217 1
215 216 1
215 217 1
216 235 0
218 219 0
219 241 0
220 251 0
221 233 0
221 227 0
222 225 0
222 224 0
223 232 0
223 231 0
224 228 1
225 226 1
226 229 1
226 255 0
227 274 0
227 236 1
228 232 1
229 236 1
229 264 0
230 235 0
230 243 0
231 250 0
233 246 0
234 239 1
234 238 1
234 261 0
235 269 0
237 238 1
237 246 1
238 272 0
239 240 1
240 243 1
241 252 0
242 244 1
242 249 1
244 245 1
245 247 1
246 260 0
247 248 1
248 250 1
249 280 0
251 253 0
252 281 0
253 282 0
253 269 0
254 258 1
254 263 1
255 290 0
255 259 1
256 257 1
256 263 1
257 262 1
258 259 0
260 288 0
260 266 1
261 283 0
261 267 1
262 271 1
264 300 0
265 266 1
265 274 1
267 268 1
268 273 1
269 278 0
270 275 1
270 271 1
272 289 0
273 277 0
274 301 0
275 276 1
276 279 1
277 278 0
278 305 0
279 280 1
280 309 0
281 311 0
282 312 0
283 292 1
283 289 1
284 294 1
284 285 1
285 290 1
286 291 0
286 288 0
287 302 1
287 288 1
289 291 1
290 300 0
292 293 1
293 296 1
294 299 1
295 303 1
295 301 1
296 297 1
297 305 0
298 299 1
298 310 1
300 303 1
301 304 1
302 304 0
305 323 0
306 308 1
306 307 1
306 339 0
307 309 1
308 310 1
309 340 0
311 341 0
312 342 0
313 315 1
313 316 1
313 350 0
314 329 1
314 318 1
315 322 1
316 326 1
316 356 0
317 326 1
317 327 1
318 324 1
319 324 1
319 320 1
320 321 1
321 330 1
322 325 1
322 349 0
323 327 0
323 342 0
323 358 0
325 331 0
326 357 0
328 329 1
328 335 1
330 331 1
330 343 0
332 338 1
332 339 1
333 337 1
333 334 1
334 335 1
334 359 0
336 337 0
336 338 0
339 362 0
340 366 0
341 365 0
342 363 0
343 372 0
343 346 1
343 352 1
344 345 1
344 348 1
345 354 1
346 347 1
347 349 1
348 351 1
349 377 0
350 385 0
351 353 1
352 354 1
353 355 1
355 359 1
356 379 0
357 386 0
358 374 0
359 370 0
359 360 1
360 361 1
361 362 1
362 364 1
363 367 0
364 366 0
365 395 0
366 392 0
367 374 0
367 395 0
368 371 1
368 383 1
369 373 1
369 377 1
370 388 1
370 387 1
371 382 0
372 373 0
372 376 0
374 386 1
375 383 1
375 376 1
377 378 1
378 384 1
379 380 1
379 385 1
380 381 1
381 386 1
382 389 0
384 385 1
387 391 0
388 389 0
390 394 1
390 392 1
391 393 1
393 394 1
