0 1 1
0 14 1
1 15 1
2 6 1
2 5 1
3 11 1
3 24 1
4 14 1
4 13 1
5 22 1
6 7 1
7 8 1
8 23 1
9 23 1
9 10 1
10 11 1
12 24 1
12 87 0
13 26 1
15 16 1
16 27 1
17 28 1
17 27 1
18 30 1
18 29 1
19 30 1
19 20 1
20 21 1
21 31 1
22 31 1
25 26 1
25 67 0
28 29 1
32 34 1
32 73 0
33 34 1
33 35 1
35 36 1
36 37 1
37 41 1
38 46 1
38 47 1
39 48 1
39 49 1
40 51 1
40 50 1
41 42 1
41 98 0
42 43 1
43 44 1
44 45 1
45 46 1
47 48 1
49 50 1
51 52 1
52 53 1
53 55 0
54 57 1
54 56 1
55 56 1
57 58 1
58 59 1
59 60 1
60 62 1
61 63 1
61 62 1
63 64 1
64 65 1
65 124 0
66 68 1
66 69 1
67 126 0
67 74 1
68 94 1
69 78 1
70 81 1
70 71 1
71 82 1
72 86 1
72 85 1
73 136 0
73 95 1
74 88 1
75 89 1
75 76 1
76 77 1
77 94 1
78 79 1
79 80 1
80 90 1
81 90 1
82 83 1
83 84 1
84 91 1
85 93 1
86 87 1
87 135 0
88 89 1
91 92 0
92 93 1
95 96 1
95 136 0
96 97 1
97 99 1
98 157 0
98 99 1
98 102 0
100 103 1
100 101 1
101 104 1
102 110 0
103 106 1
104 107 1
105 111 0
105 109 0
106 110 1
107 108 1
108 109 1
111 112 1
112 113 1
113 115 1
114 119 0
114 115 0
116 118 1
116 120 1
117 118 1
117 119 1
120 121 1
121 122 1
122 123 1
123 125 1
124 183 0
124 125 1
124 184 0
126 185 0
126 137 1
127 153 1
127 138 1
128 129 1
128 138 1
129 139 1
130 150 1
130 154 1
131 132 1
131 151 1
132 133 1
133 146 1
134 135 1
134 146 1
135 188 0
136 200 0
136 152 1
137 153 1
139 140 1
140 141 1
141 142 1
142 147 1
143 147 1
143 148 1
144 150 1
144 145 1
145 151 0
148 149 1
149 154 1
152 156 1
155 157 1
155 156 1
155 216 0
157 158 1
158 160 1
159 160 1
159 163 1
161 164 1
161 165 1
162 167 1
162 168 1
163 164 1
165 166 1
166 170 1
167 171 1
168 172 1
170 171 1
172 174 1
173 176 0
173 174 0
175 179 1
175 182 1
176 177 1
177 178 1
178 179 1
180 181 1
180 182 1
181 183 1
183 184 1
184 241 0
185 243 0
185 189 1
186 197 1
186 198 1
187 191 1
187 188 1
188 258 0
189 192 1
190 191 1
190 209 1
192 193 1
193 194 1
194 195 1
195 211 1
196 212 1
196 203 1
197 207 1
198 208 1
199 209 1
199 208 1
200 247 0
200 201 1
201 214 1
202 211 1
202 212 1
203 204 1
204 205 1
205 213 1
206 217 1
206 213 1
207 217 1
210 215 1
210 214 1
215 216 1
216 251 0
216 218 1
218 219 1
219 220 1
220 222 1
221 222 1
221 225 1
223 225 1
223 224 1
224 226 1
226 228 1
227 233 1
227 232 1
228 230 1
229 231 1
229 230 1
231 232 1
233 235 1
235 236 1
236 239 1
237 239 1
237 238 1
238 240 1
240 242 1
241 302 0
241 242 1
241 305 0
243 306 0
243 248 1
244 245 1
244 252 1
245 246 1
246 253 1
247 307 0
247 250 1
248 252 1
249 256 1
249 255 1
250 263 1
251 264 1
251 276 1
253 254 1
254 265 1
255 275 1
256 257 1
257 258 1
257 331 0
258 331 0
259 266 1
259 267 1
260 269 1
260 270 1
261 272 1
261 281 1
262 275 1
262 274 1
263 264 1
265 266 1
267 268 1
268 269 1
270 271 1
271 280 1
272 280 1
273 274 1
273 281 1
276 277 1
277 278 1
278 279 1
279 282 1
282 283 1
283 284 1
284 285 1
285 286 1
286 287 1
287 288 1
288 289 1
289 290 1
290 291 1
291 292 1
292 293 1
293 294 1
294 295 1
295 296 1
296 297 1
297 299 1
298 301 1
298 300 1
299 303 1
300 304 1
301 302 1
302 305 1
303 304 1
305 364 0
306 366 0
306 308 1
307 372 0
307 312 1
308 309 1
309 322 1
310 316 1
310 315 1
311 333 1
311 326 1
312 313 1
313 314 1
314 339 1
315 325 1
316 326 1
317 333 1
317 334 1
318 319 1
318 338 1
319 320 1
320 321 1
321 330 1
322 323 1
323 324 1
324 325 1
327 328 1
327 337 1
328 329 1
329 338 1
330 331 1
331 381 0
332 340 1
332 341 1
334 335 1
335 336 1
336 337 1
339 340 1
341 342 1
342 343 1
343 346 1
344 345 1
344 346 1
345 347 1
347 348 1
348 349 1
349 350 1
350 351 1
351 352 1
352 353 1
353 356 1
354 356 1
354 355 1
355 357 1
357 360 1
358 362 1
358 359 1
359 363 1
360 361 1
361 362 1
363 364 1
364 426 0
365 366 1
366 367 1
367 370 1
368 371 1
368 373 1
369 372 1
370 373 1
371 374 1
372 378 1
374 375 1
375 376 1
376 377 1
377 379 1
378 387 1
379 382 1
380 386 1
380 381 1
382 383 1
383 390 1
384 385 1
384 391 1
385 386 1
387 388 1
388 389 1
389 396 1
390 393 1
391 395 0
392 399 1
392 403 1
393 394 1
394 395 1
396 397 1
397 403 1
398 401 1
398 402 1
399 400 1
400 401 1
402 404 1
404 406 1
405 406 1
405 407 1
407 408 1
408 409 1
409 410 1
410 412 1
411 412 1
411 415 1
413 416 1
413 415 1
414 416 1
414 417 1
417 421 1
418 421 1
418 419 1
419 420 1
420 422 1
422 423 1
423 424 1
424 425 1
425 426 1
