0 1 1
0 3 1
1 8 1
2 6 1
2 7 1
3 7 1
4 5 1
5 15 1
6 15 1
8 9 1
9 16 1
10 11 1
10 17 1
11 12 1
12 13 1
13 14 1
16 17 1
18 19 1
18 20 1
20 22 1
21 22 1
21 23 1
23 170 0
24 26 1
24 28 1
25 26 1
25 60 0
27 34 1
27 37 1
28 29 1
29 30 1
30 31 1
31 32 1
32 36 1
33 34 1
33 36 1
35 40 1
35 39 1
37 38 1
38 39 1
40 54 1
41 42 1
41 54 1
42 43 1
43 55 1
44 45 1
44 57 1
45 46 1
46 58 1
47 58 1
47 48 1
48 49 1
49 50 1
50 51 1
51 52 1
52 53 1
53 84 0
55 56 1
56 59 1
57 59 1
60 97 0
60 61 1
61 62 1
62 63 1
63 64 1
64 65 1
65 66 1
66 75 1
67 68 1
67 81 1
68 69 1
69 82 1
70 84 1
70 74 1
71 76 1
71 77 1
72 77 1
72 73 1
73 85 1
74 95 1
75 76 1
78 87 1
78 86 1
79 80 1
79 88 1
80 81 1
82 89 1
83 90 1
83 89 1
84 102 0
85 86 1
87 88 1
90 91 1
91 92 1
92 93 1
93 94 1
94 95 1
96 98 1
96 97 1
97 130 0
98 103 1
99 105 1
99 100 1
100 101 1
101 106 1
102 153 0
102 112 1
103 104 1
104 105 1
106 107 1
107 108 1
108 113 1
109 115 1
109 122 1
110 119 1
110 118 1
111 125 1
111 120 1
112 128 1
112 153 0
113 114 1
114 115 1
116 123 1
116 124 1
117 118 1
117 124 1
119 120 1
120 129 0
121 126 1
121 125 1
122 123 1
126 127 1
127 128 1
129 160 0
130 172 0
130 132 1
131 134 1
131 132 1
132 172 0
133 141 1
133 140 1
134 135 1
135 136 1
136 154 1
137 165 1
137 138 1
138 155 1
139 140 1
139 155 1
141 142 1
142 143 1
143 144 1
144 145 1
145 146 1
146 147 1
147 156 1
148 157 1
148 149 1
149 150 1
150 151 1
151 152 1
152 158 1
153 206 0
153 168 1
154 165 1
156 157 1
158 169 1
159 169 1
159 160 1
160 161 1
161 162 1
162 163 1
163 164 1
164 166 1
166 167 1
167 168 1
172 208 0
172 185 1
173 184 1
173 193 1
174 186 1
174 175 1
175 176 1
176 177 1
177 187 1
178 189 1
178 179 1
179 190 1
180 191 1
180 190 1
181 182 1
181 191 1
182 192 1
183 184 1
183 192 1
185 186 1
187 188 1
188 189 1
193 194 1
194 195 1
194 207 0
195 196 1
196 197 1
197 198 1
198 201 0
199 201 1
199 202 1
200 205 1
200 206 1
201 219 0
202 203 1
203 204 1
204 205 1
206 235 0
207 231 0
208 238 0
208 210 1
209 217 1
209 216 1
210 220 1
210 238 0
211 220 1
211 212 1
212 213 1
213 214 1
214 215 1
215 228 1
216 222 1
217 218 1
218 223 1
219 244 0
219 232 1
221 230 1
221 229 1
222 230 1
223 224 1
224 225 1
225 226 1
226 227 1
227 231 1
227 257 0
228 229 1
231 257 0
232 233 1
232 244 0
233 234 1
234 236 1
235 260 0
235 236 1
237 238 1
237 239 1
238 264 0
238 266 0
239 240 1
240 241 1
241 253 1
242 254 1
242 245 1
243 247 1
243 246 1
244 273 0
244 252 1
244 272 0
245 255 1
246 256 1
247 248 1
248 249 1
249 250 1
250 251 1
251 261 1
252 258 1
253 254 1
255 256 1
257 287 0
257 263 1
257 271 0
258 259 1
259 260 1
260 274 0
261 262 1
262 263 1
264 266 1
264 275 1
265 275 1
265 276 1
266 301 0
266 275 1
267 278 1
267 268 1
268 279 1
269 281 1
269 270 1
270 296 1
271 297 0
271 287 1
271 303 0
272 304 0
272 273 1
273 294 1
274 300 0
274 295 1
275 301 0
276 289 1
277 289 1
277 278 1
279 290 1
280 281 1
280 290 1
282 283 1
282 291 1
283 292 1
284 285 1
284 293 1
285 286 1
286 287 1
288 294 1
288 295 1
291 296 1
292 293 1
297 322 0
297 303 0
297 323 1
298 299 1
298 305 1
299 306 1
300 367 0
300 310 1
301 332 0
301 302 1
302 307 1
303 345 0
303 323 1
304 346 0
304 305 1
306 310 1
307 311 1
308 326 1
308 325 1
309 314 1
309 313 1
311 324 1
311 334 0
312 313 1
312 328 1
314 315 1
315 316 1
316 317 1
317 318 1
318 319 1
319 320 1
320 321 1
321 322 1
324 325 1
326 327 1
327 329 1
328 330 1
329 330 1
331 332 1
332 333 1
332 349 0
333 334 1
335 338 1
335 348 1
336 337 1
336 361 1
337 362 1
338 367 1
339 353 1
339 352 1
340 355 1
340 356 1
341 342 1
341 359 1
342 343 1
343 344 1
344 360 1
345 365 1
345 364 1
346 347 1
346 365 1
347 366 1
348 366 1
349 374 0
349 350 1
350 368 1
351 369 1
351 368 1
352 369 1
353 354 1
354 355 1
356 357 1
357 358 1
358 359 1
360 361 1
362 370 1
363 371 1
363 364 1
367 373 0
370 371 1
372 400 1
372 390 1
373 408 0
373 386 1
374 409 0
374 387 1
375 388 1
375 376 1
376 377 1
377 378 1
378 379 1
379 380 1
380 398 1
381 394 1
381 393 1
382 394 1
382 383 1
383 384 1
384 385 1
385 395 1
386 397 1
386 408 0
387 388 1
387 407 0
389 399 1
389 400 1
390 401 1
391 402 1
391 392 1
392 403 1
393 405 1
395 396 1
396 397 1
398 406 1
399 406 1
401 402 1
403 404 1
404 405 1
407 414 0
408 472 0
408 426 1
409 448 0
409 414 1
410 411 1
410 415 1
411 412 1
412 416 1
413 419 1
413 420 1
414 415 1
416 417 1
417 437 1
418 429 1
418 430 1
419 433 1
420 421 1
421 422 1
422 434 1
423 440 1
423 424 1
424 435 1
425 436 1
425 426 1
427 428 1
427 438 1
428 429 1
430 439 1
431 439 1
431 432 1
432 433 1
434 440 1
435 436 1
437 441 1
438 441 1
442 444 1
442 445 1
443 445 1
443 446 1
444 448 1
446 449 1
447 458 1
447 465 1
449 450 1
450 451 1
451 452 1
452 461 1
453 454 1
453 462 1
454 455 1
455 463 1
456 464 1
456 457 1
457 458 1
459 460 1
459 465 1
460 466 1
461 462 1
463 467 1
464 467 1
466 468 1
468 469 1
469 473 1
470 473 1
470 471 1
471 474 1
472 475 1
474 475 1
