0 5 0
0 30 0
1 2 1
1 7 1
2 3 1
3 4 1
5 8 0
7 9 0
7 12 0
8 37 0
8 39 0
9 11 0
10 11 1
11 21 0
12 22 0
12 13 1
12 44 0
13 16 1
14 16 1
14 17 1
15 19 0
15 27 0
15 33 0
16 24 0
17 18 1
18 19 1
18 32 0
21 44 0
22 45 0
22 23 1
23 24 1
23 46 0
24 40 0
24 31 1
25 32 1
25 31 1
26 27 1
26 33 1
27 34 1
27 49 0
28 34 1
28 35 1
29 37 1
29 36 1
30 79 0
32 43 0
33 48 0
34 50 0
35 36 1
35 52 0
36 53 0
37 56 0
38 39 0
38 56 0
38 57 0
39 58 0
40 41 1
40 46 1
41 42 1
42 43 1
43 47 1
44 85 0
45 61 0
46 59 0
47 48 1
47 69 0
48 64 0
49 70 0
50 71 0
50 51 1
51 52 1
51 72 0
52 72 0
53 73 0
53 54 1
54 55 1
55 56 1
55 74 0
56 65 0
57 66 0
57 67 0
58 67 0
59 60 1
59 61 1
60 62 1
61 90 0
62 63 1
63 68 1
64 96 0
64 70 1
65 66 1
65 74 1
66 67 1
67 99 0
67 75 1
68 69 1
68 94 0
69 95 0
70 71 1
71 102 0
72 103 0
72 86 1
73 88 0
73 86 1
74 104 0
75 76 1
75 105 0
76 77 1
77 78 1
77 106 0
78 79 1
79 80 1
80 81 1
81 82 1
82 83 1
83 84 1
83 112 0
87 91 1
87 92 1
88 89 1
88 97 1
88 124 0
89 104 0
89 125 0
90 115 0
90 91 1
92 93 1
93 94 1
94 118 0
94 119 0
95 120 0
96 121 0
96 120 0
97 103 0
98 99 1
98 104 1
99 105 1
100 108 1
100 101 1
101 109 1
102 123 0
102 103 1
105 135 0
106 137 0
106 107 1
107 108 1
109 110 1
110 111 1
111 112 1
112 151 0
113 114 1
113 116 1
114 117 1
114 129 0
115 145 0
115 116 1
116 146 0
117 118 1
118 119 1
119 126 0
120 130 0
120 121 1
121 122 1
122 123 1
122 131 0
123 127 0
124 133 0
125 149 0
126 170 0
126 148 0
127 132 1
127 131 1
128 145 1
128 160 0
129 161 0
129 147 1
130 171 0
131 173 0
132 133 1
133 149 1
134 149 1
135 153 0
135 136 1
135 152 0
136 137 1
136 153 0
137 138 1
137 154 0
137 155 0
138 139 1
139 140 1
139 156 0
140 141 1
141 142 1
141 158 0
142 143 1
143 144 1
143 159 0
144 150 1
145 146 1
146 167 0
147 148 1
150 151 1
151 165 0
152 174 0
153 175 0
154 176 0
155 177 0
156 178 0
156 157 1
157 158 1
158 180 0
159 181 0
159 163 1
160 186 0
160 166 1
161 162 1
161 168 1
162 169 1
163 164 1
164 165 1
165 184 0
166 167 1
167 168 1
169 170 1
170 171 1
170 192 0
171 172 1
172 173 1
172 193 0
173 194 0
174 175 1
174 212 0
175 176 1
175 216 0
176 177 1
177 178 1
178 179 1
179 180 1
180 181 1
181 182 1
182 183 1
183 184 1
184 223 0
184 224 0
185 187 1
185 190 1
186 189 1
187 188 1
188 191 1
188 202 0
189 190 1
189 210 0
191 192 1
192 203 0
193 205 0
193 194 1
194 195 1
195 196 1
195 206 0
196 197 1
197 198 1
197 209 0
199 200 1
199 210 1
200 201 1
201 202 1
202 232 0
203 233 0
203 204 1
204 205 1
205 234 0
206 225 0
206 207 1
207 208 1
208 209 1
209 235 0
209 211 1
210 230 0
210 231 0
211 212 1
212 235 0
213 214 1
213 218 1
213 239 0
214 215 1
215 219 1
216 236 0
216 217 1
217 218 1
218 237 0
219 220 1
219 241 0
220 221 1
220 242 0
221 222 1
222 223 1
223 224 1
224 246 0
225 226 1
225 227 1
226 234 0
227 228 1
228 229 1
229 235 1
230 250 0
231 262 0
232 264 0
232 247 1
233 267 0
233 247 1
234 268 0
235 252 0
236 254 0
236 237 1
236 253 0
237 238 1
237 255 0
238 239 1
239 256 0
239 240 1
240 241 1
240 257 0
241 258 0
242 259 0
242 248 1
243 244 1
243 248 1
244 245 1
245 246 1
249 258 1
249 259 1
249 274 0
250 275 0
250 262 1
251 270 1
251 269 1
252 288 0
252 271 1
253 277 0
253 254 1
254 255 1
255 279 0
255 280 0
256 280 0
257 274 0
257 258 1
259 260 1
260 261 1
261 272 1
262 263 1
262 283 0
263 264 1
264 285 0
264 265 1
265 266 1
266 267 1
267 268 1
268 269 1
270 271 1
270 276 0
271 288 0
272 273 1
274 280 0
275 293 0
275 282 1
276 301 0
276 292 1
277 278 1
278 279 1
278 307 0
279 280 1
282 283 1
283 295 0
283 284 1
284 285 1
285 297 0
285 289 1
286 287 1
286 291 1
287 292 1
288 315 0
289 290 1
289 298 0
290 291 1
292 300 0
293 308 0
293 294 1
294 295 1
295 296 1
296 297 1
297 311 0
298 317 0
298 299 1
299 302 1
300 313 0
300 304 1
300 314 0
301 314 0
302 303 1
303 304 1
305 315 1
305 306 1
306 307 1
308 309 1
309 310 1
310 311 1
311 316 1
312 318 1
312 317 1
313 318 1
314 315 0
316 317 1
