0 1 1
1 2 1
2 3 1
3 4 1
5 12 0
6 34 0
6 10 0
7 25 1
7 31 1
8 20 1
8 14 1
9 25 1
9 17 1
10 11 1
11 27 1
12 58 0
12 18 1
13 14 1
13 44 1
15 16 1
15 20 1
16 21 1
17 24 1
18 36 1
19 39 1
19 38 1
21 22 1
22 45 1
23 49 1
23 46 1
24 51 1
26 32 1
26 31 1
27 28 1
28 35 1
29 39 1
29 50 1
30 42 1
30 43 1
32 47 1
33 47 1
33 34 1
35 36 1
37 38 1
40 48 1
40 41 1
41 42 1
43 44 1
45 46 1
48 50 1
49 51 1
52 53 1
52 86 1
53 67 1
54 68 1
55 73 1
55 97 1
56 57 1
56 79 1
57 63 0
58 110 0
58 67 1
59 75 1
59 91 1
60 91 1
60 61 1
61 62 1
62 76 1
63 80 1
64 81 1
64 65 1
65 92 1
66 82 1
66 83 1
67 110 0
68 87 1
68 137 0
69 70 1
69 87 1
70 96 1
71 72 1
71 88 1
72 89 1
73 89 0
74 90 1
74 75 1
76 77 1
77 78 1
78 79 1
80 81 1
82 92 1
83 93 1
84 85 1
84 93 1
85 94 1
86 95 1
88 96 1
90 98 1
94 95 1
97 98 1
99 121 1
99 111 1
100 108 1
100 102 1
101 124 1
101 108 1
102 123 0
103 119 1
103 118 1
104 119 1
104 105 1
105 110 1
106 107 1
106 115 1
107 123 0
109 131 1
109 117 1
110 143 0
111 134 0
112 113 1
112 139 1
113 114 1
114 115 1
116 131 1
116 130 1
117 118 1
120 140 1
120 132 1
121 122 1
122 135 1
124 125 1
125 136 1
126 130 1
126 129 1
127 128 1
127 142 1
128 134 1
129 136 1
132 133 1
133 138 1
135 139 1
137 185 0
137 140 1
138 141 1
141 142 1
143 195 0
143 144 1
144 145 1
145 147 1
146 148 1
146 149 1
147 153 1
148 162 1
149 163 0
150 158 1
150 151 1
151 152 1
152 166 1
153 159 1
154 160 1
154 161 1
155 164 1
155 180 1
156 164 1
156 175 1
157 158 1
157 165 1
159 166 1
160 178 1
161 162 1
163 179 0
165 170 1
167 171 1
167 181 1
168 171 1
168 176 1
169 174 1
169 173 1
170 175 1
172 176 1
172 177 1
173 177 1
174 182 1
178 184 1
179 180 1
179 204 0
181 187 1
182 183 1
183 186 1
184 186 1
185 214 0
185 187 1
188 189 1
188 192 1
189 190 1
190 193 1
191 195 1
191 194 1
192 208 1
193 197 1
194 201 1
195 235 0
196 207 1
196 200 1
197 198 1
198 201 1
199 202 1
199 203 1
199 247 0
200 208 1
202 225 1
203 217 1
204 250 0
204 219 1
205 212 1
205 219 1
205 250 0
206 220 1
206 207 1
209 214 1
209 224 1
210 215 1
210 222 1
211 216 1
211 223 1
212 213 1
213 220 1
214 259 0
215 223 1
216 225 1
217 218 1
221 228 1
221 231 1
222 229 1
224 226 1
226 230 1
227 231 1
227 230 1
228 229 1
232 234 1
232 235 1
233 234 1
233 238 1
235 270 0
236 237 1
236 243 1
237 244 1
238 241 1
239 242 0
239 248 0
240 246 1
240 245 1
241 251 0
242 243 1
244 245 1
246 251 1
247 282 0
247 253 1
247 284 0
248 250 1
249 261 1
249 260 1
250 286 0
250 285 0
252 256 1
252 255 1
253 258 1
254 264 1
254 263 1
255 264 1
256 265 1
257 258 1
257 266 1
259 303 0
259 260 1
259 304 0
261 262 1
262 263 1
265 267 1
266 267 1
268 270 1
268 269 1
269 277 1
270 315 0
271 278 1
271 279 1
272 281 1
272 274 1
273 280 1
273 279 1
274 275 1
275 276 1
276 277 1
278 292 1
280 288 1
281 293 1
282 283 1
282 298 1
283 284 1
284 331 0
284 323 0
285 316 0
285 286 1
286 299 1
287 292 1
287 299 1
288 293 1
289 300 1
289 290 1
290 291 1
291 301 1
294 301 1
294 295 1
295 296 1
296 297 1
297 298 1
300 302 1
302 306 1
303 304 1
303 307 1
304 347 0
304 351 0
305 309 1
305 308 1
306 309 1
307 308 1
310 319 1
310 322 1
311 315 1
311 320 1
312 313 1
312 317 1
313 314 1
314 318 1
315 366 0
316 371 0
316 317 1
318 324 1
319 325 1
320 327 1
321 322 1
321 332 1
323 361 0
323 331 1
324 332 1
325 333 1
326 327 1
326 336 1
328 329 1
328 341 1
329 338 1
330 344 1
330 331 1
333 334 1
334 345 1
335 345 1
335 336 1
337 340 1
337 348 1
338 342 1
339 343 1
339 346 1
340 350 1
341 348 1
342 343 1
344 346 1
347 351 1
347 352 1
349 354 1
349 353 1
350 354 1
351 397 0
352 353 1
355 356 1
355 373 1
356 357 1
357 359 1
358 370 1
358 380 1
359 374 1
360 367 1
360 392 1
361 370 1
361 362 1
362 371 1
363 382 1
363 381 1
364 384 1
364 376 1
365 377 1
365 376 1
366 403 0
366 377 1
367 378 1
368 369 1
368 379 1
369 380 1
371 381 1
372 382 1
372 373 1
374 385 1
375 400 0
375 383 0
378 379 1
383 386 1
384 389 0
385 400 0
386 389 1
387 391 1
387 388 1
388 392 1
390 391 1
390 393 1
393 399 1
394 395 1
394 397 1
395 401 1
396 398 1
396 399 1
397 448 0
398 401 0
402 407 1
402 410 1
403 481 0
403 408 0
404 405 1
404 418 1
405 409 1
406 407 0
406 409 0
408 435 0
410 411 1
411 412 1
412 413 1
413 414 1
414 419 1
415 438 1
415 425 1
416 421 1
416 429 1
417 421 1
417 418 1
419 445 1
420 430 1
420 431 1
422 430 1
422 446 1
423 424 1
423 444 1
424 438 1
425 426 1
426 427 1
427 428 1
428 429 1
431 432 1
432 433 1
433 434 1
434 447 1
435 447 0
436 442 1
436 450 1
437 443 1
437 444 1
439 440 1
439 452 1
440 441 1
441 449 1
442 443 1
445 446 1
448 488 0
448 451 1
449 450 1
451 452 1
453 466 1
453 456 1
454 459 1
454 458 1
455 460 1
455 462 1
456 457 1
457 458 1
459 460 1
461 469 1
461 468 1
462 463 1
463 478 1
464 467 1
464 482 1
465 466 1
465 477 1
467 488 1
468 494 0
469 489 1
470 489 1
470 471 1
471 490 1
472 483 1
472 490 1
473 483 0
473 474 0
474 475 1
475 476 1
476 477 1
478 479 1
479 480 1
480 491 1
481 499 1
482 494 1
484 495 1
484 485 1
485 498 1
486 497 1
486 500 1
487 497 1
487 493 1
491 492 1
492 495 1
493 499 1
496 498 1
496 500 1
