0 1 1
0 2 1
2 7 0
3 6 1
4 5 0
5 8 0
6 7 1
7 10 0
8 9 1
10 49 0
10 15 0
11 12 1
11 14 1
12 15 1
13 19 1
13 16 1
14 16 1
15 49 0
17 20 1
17 18 1
18 23 1
19 21 1
20 21 1
22 23 1
22 28 1
24 28 1
24 29 1
25 26 1
25 32 1
26 27 1
27 33 1
29 31 1
30 33 1
30 31 1
32 35 1
34 37 1
34 36 1
35 36 0
37 40 0
38 39 1
38 43 1
39 40 0
41 42 1
41 47 0
42 44 1
43 46 1
44 45 1
45 46 1
47 83 0
48 49 1
48 56 1
49 85 0
50 52 0
50 61 0
51 58 1
51 55 1
52 57 0
53 54 1
53 55 1
54 59 1
56 58 1
57 59 1
60 63 0
60 62 0
61 64 0
62 69 0
63 64 0
65 66 1
65 67 1
66 71 1
67 68 1
68 70 1
69 70 0
71 72 1
72 75 1
73 76 1
73 77 1
74 77 1
74 75 1
76 80 1
78 79 1
78 82 1
79 80 1
81 83 1
81 84 1
82 84 1
83 120 0
85 86 1
85 90 1
85 124 0
87 90 1
87 89 1
88 89 1
88 95 1
91 98 1
91 94 1
92 93 1
92 101 1
93 96 1
94 97 1
95 98 1
96 97 1
99 103 1
99 102 1
100 103 1
100 101 1
102 105 1
104 106 1
104 107 1
105 106 1
107 110 1
108 114 1
108 115 1
109 111 1
109 114 1
110 113 1
111 112 1
112 113 1
114 146 0
115 116 1
116 119 0
117 118 1
117 119 1
118 120 1
120 155 0
120 154 0
122 123 0
122 124 0
123 126 0
124 162 0
124 171 0
125 126 1
125 129 1
127 128 1
127 136 1
128 131 1
129 134 1
130 132 1
130 137 1
131 133 1
132 136 1
132 164 0
133 138 1
134 138 1
135 137 1
135 143 1
139 142 1
139 140 1
140 143 1
141 142 1
141 148 1
144 145 0
144 146 0
145 147 1
146 187 0
146 149 0
147 148 1
149 152 0
150 151 0
150 157 0
151 153 1
152 153 1
154 190 0
154 155 0
155 156 0
155 190 0
156 157 1
158 165 0
158 164 0
159 170 0
159 169 0
160 177 0
160 161 0
161 162 1
162 171 1
163 172 1
163 181 1
164 201 0
164 176 1
165 166 1
165 202 0
166 182 1
167 168 1
167 182 1
168 169 1
168 194 0
170 177 0
171 200 0
171 204 0
172 178 0
173 178 1
173 175 1
174 176 1
174 175 1
179 184 0
179 187 0
180 183 1
180 181 1
183 185 1
184 185 0
186 188 1
186 189 1
187 192 0
188 190 1
189 191 1
190 224 0
191 192 1
193 198 1
193 201 1
194 226 0
194 195 1
195 196 1
196 197 1
197 203 1
198 210 1
199 200 1
199 203 1
200 204 1
201 205 1
202 236 0
202 206 1
204 235 0
205 206 1
207 212 1
207 211 1
208 209 1
208 214 1
209 210 1
211 220 1
212 213 1
213 215 1
214 215 1
216 219 1
216 220 1
217 221 1
217 224 1
218 223 1
218 219 1
221 222 1
222 223 1
224 255 0
225 226 1
225 231 1
226 230 1
227 233 1
227 236 1
228 231 1
228 232 1
229 236 1
229 237 1
230 237 1
232 234 1
233 242 1
234 235 1
238 245 1
238 242 1
239 244 1
239 243 1
240 241 1
240 248 1
241 249 1
243 251 1
244 247 1
245 249 0
246 254 1
246 253 1
247 248 1
250 259 1
250 252 1
251 254 1
252 253 1
255 261 0
255 256 0
256 260 1
257 260 0
257 258 0
258 259 1
