260 270 1
358 362 1
53 55 0
205 213 1
382 383 1
384 385 1
105 111 0
344 345 1
342 343 1
371 374 1
407 408 1
43 44 1
206 217 1
194 195 1
251 264 1
106 110 1
111 112 1
41 98 0
148 149 1
256 257 1
7 8 1
392 399 1
330 331 1
134 146 1
52 53 1
332 341 1
368 373 1
303 304 1
380 381 1
173 174 0
306 308 1
88 89 1
59 60 1
200 201 1
100 101 1
344 346 1
161 164 1
359 363 1
38 47 1
355 357 1
103 106 1
369 372 1
17 27 1
116 118 1
331 381 0
102 110 0
114 115 0
328 329 1
244 245 1
354 355 1
86 87 1
130 154 1
4 13 1
137 153 1
33 35 1
127 153 1
112 113 1
72 85 1
289 290 1
144 150 1
370 373 1
364 426 0
423 424 1
341 342 1
114 119 0
189 192 1
70 71 1
28 29 1
259 267 1
298 301 1
95 96 1
262 275 1
300 304 1
190 191 1
260 269 1
293 294 1
140 141 1
163 164 1
167 171 1
231 232 1
61 62 1
378 387 1
255 275 1
265 266 1
307 372 0
71 82 1
391 395 0
32 34 1
130 150 1
196 203 1
145 151 0
197 207 1
18 29 1
238 240 1
187 188 1
44 45 1
349 350 1
288 289 1
98 102 0
318 338 1
267 268 1
33 34 1
39 49 1
168 172 1
159 163 1
219 220 1
41 42 1
142 147 1
227 232 1
257 331 0
389 396 1
38 46 1
413 416 1
105 109 0
136 152 1
271 280 1
228 230 1
35 36 1
132 133 1
69 78 1
19 30 1
196 212 1
377 379 1
200 247 0
42 43 1
405 406 1
257 258 1
345 347 1
54 56 1
247 307 0
73 136 0
64 65 1
170 171 1
124 125 1
317 334 1
25 67 0
248 252 1
268 269 1
296 297 1
409 410 1
67 74 1
0 1 1
343 346 1
54 57 1
223 225 1
123 125 1
15 16 1
368 371 1
294 295 1
414 417 1
45 46 1
63 64 1
184 241 0
286 287 1
324 325 1
339 340 1
17 28 1
220 222 1
227 233 1
67 126 0
398 402 1
376 377 1
237 238 1
314 339 1
360 361 1
259 266 1
173 176 0
350 351 1
3 11 1
75 89 1
92 93 1
243 306 0
396 397 1
251 276 1
126 185 0
372 378 1
124 183 0
155 157 1
249 255 1
95 136 0
57 58 1
155 216 0
178 179 1
131 151 1
327 337 1
49 50 1
323 324 1
87 135 0
144 145 1
66 69 1
175 182 1
159 160 1
120 121 1
177 178 1
143 147 1
162 168 1
201 214 1
216 251 0
166 170 1
282 283 1
21 31 1
8 23 1
393 394 1
387 388 1
388 389 1
390 393 1
210 215 1
136 200 0
76 77 1
413 415 1
218 219 1
58 59 1
83 84 1
244 252 1
180 181 1
36 37 1
79 80 1
290 291 1
139 140 1
117 119 1
420 422 1
135 188 0
419 420 1
97 99 1
418 419 1
273 281 1
181 183 1
336 337 1
210 214 1
149 154 1
261 272 1
193 194 1
394 395 1
195 211 1
320 321 1
361 362 1
40 51 1
332 340 1
422 423 1
207 217 1
124 184 0
261 281 1
399 400 1
32 73 0
254 265 1
241 302 0
425 426 1
285 286 1
6 7 1
133 146 1
186 197 1
297 299 1
322 323 1
157 158 1
347 348 1
131 132 1
348 349 1
16 27 1
291 292 1
60 62 1
246 253 1
190 209 1
245 246 1
400 401 1
78 79 1
235 236 1
122 123 1
206 213 1
143 148 1
127 138 1
316 326 1
233 235 1
284 285 1
262 274 1
224 226 1
85 93 1
263 264 1
199 209 1
315 325 1
358 359 1
77 94 1
12 87 0
152 156 1
4 14 1
203 204 1
108 109 1
385 386 1
411 412 1
175 179 1
334 335 1
411 415 1
398 401 1
39 48 1
351 352 1
410 412 1
367 370 1
287 288 1
61 63 1
278 279 1
317 333 1
273 274 1
365 366 1
126 137 1
72 86 1
202 212 1
318 319 1
329 338 1
279 282 1
204 205 1
55 56 1
75 76 1
236 239 1
188 258 0
0 14 1
172 174 1
185 189 1
321 330 1
310 316 1
384 391 1
354 356 1
13 26 1
424 425 1
298 300 1
250 263 1
25 26 1
312 313 1
216 218 1
155 156 1
80 90 1
98 157 0
363 364 1
237 239 1
5 22 1
37 41 1
243 248 1
283 284 1
295 296 1
277 278 1
116 120 1
162 167 1
19 20 1
223 224 1
104 107 1
319 320 1
374 375 1
202 211 1
240 242 1
335 336 1
192 193 1
51 52 1
226 228 1
366 367 1
128 129 1
129 139 1
