130 171 0
233 267 0
92 93 1
225 226 1
139 140 1
82 83 1
232 247 1
38 56 0
97 103 0
232 264 0
121 122 1
69 95 0
167 168 1
229 235 1
158 180 0
298 299 1
289 298 0
49 70 0
17 18 1
179 180 1
46 59 0
90 115 0
211 212 1
143 159 0
220 242 0
112 151 0
29 36 1
15 19 0
270 271 1
303 304 1
8 37 0
105 135 0
296 297 1
65 74 1
40 41 1
200 201 1
237 238 1
64 70 1
151 165 0
72 103 0
37 56 0
202 232 0
18 19 1
47 69 0
241 258 0
57 67 0
25 32 1
275 282 1
80 81 1
172 173 1
125 149 0
118 119 1
30 79 0
256 280 0
127 131 1
89 104 0
195 196 1
50 71 0
119 126 0
3 4 1
135 152 0
14 16 1
147 148 1
110 111 1
163 164 1
114 117 1
11 21 0
51 52 1
283 284 1
164 165 1
141 142 1
53 54 1
170 192 0
162 169 1
27 34 1
67 75 1
2 3 1
114 129 0
47 48 1
24 31 1
27 49 0
299 302 1
221 222 1
314 315 0
290 291 1
165 184 0
137 155 0
197 198 1
207 208 1
39 58 0
169 170 1
286 291 1
1 2 1
203 233 0
283 295 0
306 307 1
204 205 1
277 278 1
270 276 0
16 24 0
77 78 1
23 46 0
35 52 0
237 255 0
22 45 0
188 202 0
24 40 0
305 306 1
54 55 1
101 109 1
176 177 1
239 256 0
62 63 1
171 172 1
129 161 0
264 265 1
109 110 1
43 47 1
266 267 1
174 175 1
203 204 1
257 274 0
222 223 1
68 94 0
120 130 0
223 224 1
218 237 0
142 143 1
261 272 1
183 184 1
88 89 1
59 60 1
251 270 1
73 88 0
90 91 1
214 215 1
134 149 1
219 241 0
70 71 1
12 13 1
102 103 1
96 121 0
136 137 1
143 144 1
77 106 0
210 230 0
113 116 1
278 307 0
208 209 1
64 96 0
234 268 0
170 171 1
76 77 1
175 216 0
122 131 0
48 64 0
236 254 0
268 269 1
60 62 1
313 318 1
26 33 1
9 11 0
287 292 1
193 205 0
293 308 0
58 67 0
160 166 1
231 262 0
250 262 1
75 76 1
228 229 1
136 153 0
66 67 1
181 182 1
209 211 1
160 186 0
138 139 1
98 99 1
87 92 1
310 311 1
161 162 1
189 210 0
216 236 0
126 148 0
83 84 1
191 192 1
244 245 1
285 289 1
12 44 0
274 280 0
210 231 0
135 153 0
126 170 0
40 46 1
295 296 1
55 56 1
184 224 0
308 309 1
279 280 1
230 250 0
5 8 0
56 65 0
96 120 0
144 150 1
199 210 1
159 163 1
173 194 0
285 297 0
128 160 0
226 234 0
113 114 1
220 221 1
192 203 0
249 259 1
89 125 0
157 158 1
135 136 1
12 22 0
235 252 0
161 168 1
288 315 0
225 227 1
216 217 1
129 147 1
42 43 1
311 316 1
0 5 0
1 7 1
240 241 1
217 218 1
141 158 0
293 294 1
88 97 1
251 269 1
75 105 0
227 228 1
154 176 0
22 23 1
301 314 0
240 257 0
224 246 0
23 24 1
155 177 0
100 108 1
156 157 1
28 35 1
278 279 1
186 189 1
185 187 1
239 240 1
124 133 0
140 141 1
28 34 1
245 246 1
0 30 0
276 301 0
236 237 1
79 80 1
257 258 1
137 154 0
253 277 0
10 11 1
145 146 1
36 53 0
206 207 1
115 145 0
312 318 1
133 149 1
255 279 0
260 261 1
81 82 1
305 315 1
72 86 1
38 57 0
255 280 0
14 17 1
250 275 0
55 74 0
123 127 0
153 175 0
71 102 0
298 317 0
67 99 0
51 72 0
194 195 1
236 253 0
263 264 1
243 244 1
193 194 1
111 112 1
286 287 1
13 16 1
7 9 0
18 32 0
99 105 1
238 239 1
206 225 0
32 43 0
188 191 1
93 94 1
68 69 1
156 178 0
98 104 1
249 258 1
88 124 0
21 44 0
166 167 1
213 214 1
115 116 1
106 137 0
175 176 1
107 108 1
272 273 1
120 121 1
127 132 1
38 39 0
284 285 1
243 248 1
178 179 1
184 223 0
128 145 1
150 151 1
199 200 1
63 68 1
264 285 0
259 260 1
289 290 1
45 61 0
29 37 1
242 248 1
