979 984 1
391 392 1
166 171 1
394 398 1
846 849 1
1206 1208 1
995 996 1
961 965 1
653 687 0
173 175 1
1076 1079 1
1105 1106 1
982 983 1
1199 1200 1
385 387 1
1052 1058 1
538 541 1
1069 1072 1
709 711 1
107 108 1
603 605 1
301 303 1
1189 1193 1
351 354 1
227 232 1
941 942 1
860 864 1
634 635 1
633 638 1
1172 1175 1
741 742 1
679 680 1
61 62 1
1043 1044 1
822 850 0
680 681 1
1218 1220 1
10 11 1
1226 1229 1
875 876 1
76 111 0
1009 1013 1
969 970 1
336 337 1
480 483 1
546 549 1
203 207 1
939 941 1
997 998 1
443 446 1
104 109 1
443 444 1
23 32 1
1036 1037 1
202 203 1
39 45 1
1185 1187 1
1151 1153 1
90 92 1
856 865 1
657 660 1
475 478 1
78 80 1
1210 1214 1
582 583 1
744 745 1
307 312 1
1114 1147 0
273 274 1
804 805 1
135 136 1
56 57 1
1062 1063 1
163 164 1
177 183 1
867 870 1
44 45 1
661 663 1
436 437 1
572 573 1
982 989 1
990 992 1
1160 1164 1
172 175 1
736 737 1
720 723 1
688 713 0
127 131 1
847 848 1
447 454 1
1063 1064 1
732 733 1
1086 1091 1
409 410 1
1081 1085 1
890 896 1
152 153 1
791 794 1
621 653 0
517 518 1
50 51 1
361 362 1
1097 1099 1
246 251 1
1065 1066 1
1147 1178 0
893 895 1
823 866 0
188 194 1
393 396 1
698 699 1
801 803 1
248 252 1
995 997 1
327 332 1
1186 1188 1
864 866 1
327 328 1
449 452 1
1045 1047 1
689 691 1
604 609 1
854 855 1
597 598 1
816 824 1
1019 1020 1
121 122 1
682 683 1
227 262 0
824 828 1
811 812 1
5 6 1
1226 1227 1
127 137 1
600 602 1
216 220 1
222 224 1
113 118 1
505 506 1
461 466 1
777 779 1
956 959 1
588 590 1
1174 1175 1
601 602 1
1160 1162 1
510 511 1
1135 1136 1
107 111 1
231 232 1
723 725 1
346 353 1
545 547 1
30 31 1
473 477 1
269 271 1
930 935 1
495 497 1
334 335 1
502 503 1
197 232 0
355 356 1
830 831 1
216 219 1
84 90 1
33 35 1
701 702 1
358 359 1
285 289 1
1191 1192 1
57 62 1
478 481 1
592 596 1
288 289 1
1055 1060 1
388 389 1
1191 1196 1
875 877 1
878 880 1
167 169 1
587 589 1
479 483 1
1170 1177 1
911 914 1
1158 1159 1
1039 1040 1
218 219 1
125 130 1
526 527 1
273 276 1
692 693 1
780 781 1
215 226 1
482 484 1
160 161 1
427 428 1
517 522 1
238 239 1
287 314 0
145 149 1
571 573 1
199 202 1
176 180 1
319 321 1
911 912 1
368 369 1
489 492 1
1010 1011 1
89 92 1
682 719 0
248 253 1
25 28 1
1177 1178 1
163 195 0
1079 1084 1
136 137 1
112 114 1
1217 1220 1
1163 1167 1
247 255 1
349 356 1
663 664 1
769 773 1
254 255 1
1070 1071 1
63 68 1
263 265 1
572 574 1
1144 1148 1
1008 1013 1
231 237 1
658 665 1
404 406 1
440 441 1
399 403 1
639 640 1
936 938 1
181 186 1
994 996 1
675 676 1
192 196 1
39 40 1
1074 1076 1
814 819 1
718 722 1
260 270 0
1017 1018 1
686 687 1
299 304 1
1002 1003 1
847 851 1
923 931 1
768 771 1
321 322 1
233 236 1
748 749 1
300 303 1
1077 1080 1
463 467 1
588 621 0
1207 1208 1
1045 1048 1
651 654 1
789 790 1
115 119 1
887 891 1
54 58 1
711 712 1
333 334 1
1087 1092 1
866 899 0
105 109 1
470 499 0
1230 1231 1
966 993 0
414 416 1
1057 1058 1
809 812 1
390 391 1
290 291 1
457 459 1
998 999 1
419 420 1
228 229 1
853 855 1
799 800 1
16 17 1
1067 1068 1
1015 1018 1
374 375 1
1029 1030 1
27 55 0
347 352 1
806 807 1
1110 1112 1
569 570 1
684 685 1
1170 1173 1
972 973 1
245 246 1
987 988 1
713 749 0
716 720 1
117 122 1
884 885 1
528 530 1
1201 1202 1
111 134 0
359 360 1
951 952 1
754 759 1
378 381 1
835 837 1
240 241 1
304 306 1
22 27 1
454 456 1
463 464 1
1016 1020 1
296 302 1
460 461 1
696 697 1
957 958 1
508 511 1
357 358 1
774 775 1
978 979 1
678 679 1
653 688 0
1051 1053 1
206 209 1
915 919 1
1075 1077 1
575 576 1
471 473 1
331 332 1
1212 1215 1
845 849 1
871 873 1
233 243 1
540 544 1
952 954 1
918 919 1
324 326 1
366 367 1
38 43 1
758 760 1
1012 1015 1
73 74 1
936 937 1
767 768 1
1124 1125 1
1102 1106 1
382 383 1
553 554 1
213 214 1
752 757 1
1223 1224 1
1109 1112 1
585 616 0
1217 1221 1
1007 1012 1
630 631 1
829 831 1
512 513 1
740 743 1
719 760 0
263 268 1
265 267 1
239 240 1
338 341 1
746 747 1
980 981 1
944 945 1
442 444 1
339 340 1
386 387 1
669 671 1
1024 1053 0
295 297 1
1039 1047 1
1110 1111 1
1049 1051 1
372 408 0
1149 1152 1
1042 1046 1
138 139 1
229 237 1
37 42 1
309 311 1
704 705 1
1023 1024 1
24 25 1
1139 1143 1
432 434 1
371 373 1
922 928 1
269 272 1
217 221 1
113 117 1
198 200 1
320 353 0
774 777 1
844 846 1
500 528 0
706 708 1
500 503 1
907 909 1
1048 1050 1
643 644 1
168 173 1
1123 1130 1
613 618 1
640 641 1
134 163 0
487 492 1
559 560 1
292 314 0
1083 1114 0
369 370 1
50 52 1
435 438 1
924 926 1
705 707 1
788 791 1
948 949 1
703 704 1
422 423 1
212 214 1
513 516 1
925 931 1
787 793 1
262 293 0
964 967 1
280 281 1
85 86 1
237 260 0
419 426 1
625 629 1
429 430 1
250 251 1
223 257 0
626 628 1
620 653 0
960 962 1
101 103 1
1054 1055 1
328 329 1
1037 1038 1
967 968 1
585 586 1
98 100 1
1031 1034 1
920 922 1
661 668 1
933 939 1
215 221 1
1104 1136 0
826 827 1
1104 1107 1
750 755 1
658 659 1
635 636 1
601 606 1
810 813 1
563 566 1
97 99 1
672 676 1
404 407 1
515 519 1
901 902 1
542 543 1
64 68 1
35 38 1
475 476 1
501 506 1
115 123 1
489 490 1
648 682 0
342 343 1
1182 1183 1
230 237 1
1116 1117 1
956 958 1
94 96 1
695 701 1
560 562 1
1126 1127 1
1139 1140 1
738 740 1
798 799 1
191 192 1
903 940 0
851 853 1
142 143 1
1207 1231 0
1142 1165 0
1040 1073 0
260 266 1
929 935 1
486 490 1
413 416 1
773 776 0
320 322 1
607 608 1
805 808 1
63 67 1
1113 1114 1
72 79 1
1032 1033 1
1073 1104 0
861 865 1
1194 1195 1
509 516 1
445 448 1
1098 1100 1
1101 1103 1
981 987 1
589 591 1
191 195 1
162 165 1
208 211 1
1212 1213 1
821 825 1
424 425 1
872 874 1
822 827 1
1178 1207 0
56 59 1
46 48 1
81 82 1
975 976 1
155 158 1
926 927 1
336 340 1
178 179 1
617 619 1
488 491 1
1005 1006 1
138 167 0
1068 1069 1
234 235 1
211 212 1
471 472 1
947 949 1
341 344 1
1119 1120 1
734 737 1
161 162 1
1041 1042 1
538 539 1
830 832 1
889 921 0
806 809 1
670 673 1
381 411 0
593 598 1
95 97 1
794 795 1
351 352 1
625 627 1
204 208 1
315 316 1
861 869 1
557 559 1
495 525 0
1222 1223 1
726 727 1
916 917 1
1155 1157 1
362 363 1
885 886 1
1050 1052 1
971 975 1
1141 1144 1
837 838 1
145 146 1
1108 1113 1
983 984 1
699 700 1
429 431 1
672 673 1
1083 1084 1
630 637 1
1096 1097 1
295 298 1
1000 1004 1
389 393 1
1137 1140 1
909 912 1
222 223 1
453 458 1
891 894 1
307 308 1
908 910 1
1197 1205 1
382 385 1
197 201 1
854 859 1
796 797 1
409 412 1
816 820 1
116 121 1
1081 1082 1
188 189 1
565 568 1
197 227 0
182 183 1
474 476 1
811 813 1
577 581 1
905 906 1
143 150 1
674 677 1
973 974 1
645 647 1
468 469 1
285 290 1
360 367 1
365 368 1
594 595 1
603 609 1
44 48 1
298 300 1
781 782 1
158 159 1
31 32 1
514 520 1
528 557 0
832 834 1
584 590 1
839 843 1
1038 1044 1
3 4 1
670 671 1
46 47 1
719 724 1
299 302 1
7 18 0
213 220 1
53 60 1
1164 1166 1
22 26 1
518 520 1
1127 1128 1
1149 1150 1
1115 1116 1
1085 1091 0
557 588 0
193 196 1
128 131 1
377 380 1
431 433 1
1203 1204 1
578 579 1
823 828 1
862 863 1
102 103 1
1213 1214 1
1107 1111 1
1215 1216 1
433 434 1
709 710 1
377 379 1
169 197 0
364 365 1
1071 1074 1
762 763 1
715 718 1
529 530 1
462 466 1
449 453 1
74 75 1
623 627 1
748 753 1
856 862 1
839 840 1
877 879 1
323 324 1
128 132 1
87 112 0
493 494 1
986 988 1
727 728 1
651 655 1
379 383 1
968 969 1
750 754 1
193 194 1
807 808 1
1122 1124 1
534 535 1
238 244 1
641 642 1
323 325 1
439 442 1
574 576 1
69 73 1
55 87 0
900 903 1
1027 1028 1
1078 1104 0
1064 1065 1
1092 1094 1
764 765 1
244 245 1
852 857 1
1171 1173 1
153 154 1
258 259 1
1073 1078 1
421 422 1
1188 1190 1
899 940 0
261 264 1
770 772 1
34 36 1
842 844 1
384 388 1
261 262 1
1154 1159 1
428 432 1
494 496 1
1041 1043 1
1168 1169 1
950 953 1
140 141 1
99 101 1
282 283 1
4 5 1
148 149 1
450 451 1
792 793 1
758 759 1
18 49 0
717 726 1
761 766 1
1105 1108 1
1132 1134 1
276 277 1
645 646 1
756 757 1
617 622 1
278 282 1
685 690 1
913 915 1
529 535 1
883 890 1
764 767 1
257 287 0
810 815 1
551 553 1
963 966 1
583 586 1
896 898 1
151 152 1
1007 1008 1
880 882 1
999 1001 1
6 7 1
1121 1122 1
744 751 1
1086 1090 1
129 130 1
955 961 1
1192 1195 1
178 185 1
343 345 1
415 420 1
580 582 1
660 665 1
817 818 1
695 698 1
652 655 1
1128 1131 1
144 147 1
459 462 1
605 608 1
395 396 1
1032 1035 1
778 783 1
654 656 1
928 932 1
728 730 1
555 556 1
677 678 1
81 91 1
66 67 1
95 98 1
760 792 0
644 646 1
338 339 1
943 945 1
648 649 1
771 772 1
257 259 1
1200 1201 1
642 643 1
1189 1190 1
293 294 1
1148 1150 1
455 456 1
77 79 1
1100 1101 1
1145 1146 1
838 841 1
1059 1061 1
536 539 1
1166 1169 1
437 438 1
632 634 1
180 181 1
923 924 1
1129 1130 1
184 185 1
467 469 1
612 614 1
118 120 1
349 350 1
53 58 1
989 991 1
407 408 1
742 743 1
531 533 1
65 75 1
786 822 0
124 126 1
547 548 1
624 628 1
942 944 1
656 657 1
599 600 1
1080 1082 1
561 562 1
666 669 1
541 544 1
412 417 0
316 317 1
241 242 1
142 144 1
249 252 1
1024 1025 1
878 879 1
897 900 1
460 465 1
205 209 1
1181 1182 1
445 446 1
1010 1014 1
925 930 1
858 860 1
172 179 1
1209 1211 1
1133 1137 1
88 94 1
1161 1171 1
1225 1228 1
985 990 1
638 639 1
833 834 1
283 284 1
366 371 1
353 378 0
1136 1160 0
729 733 1
1156 1157 1
455 458 1
326 329 1
1193 1194 1
1023 1053 0
902 904 1
189 190 1
649 650 1
14 15 1
361 375 1
480 481 1
293 320 0
224 225 1
1152 1153 1
674 675 1
112 138 0
591 593 1
868 869 1
112 139 0
1017 1021 1
564 570 1
91 93 1
822 852 0
795 796 1
950 977 0
785 787 1
1029 1031 1
487 488 1
1054 1056 1
1115 1119 1
415 418 1
1006 1011 1
123 126 0
1075 1078 1
870 874 1
575 579 1
563 565 1
907 910 1
474 477 1
971 972 1
1056 1057 1
592 597 1
29 30 1
496 498 1
279 281 1
532 537 1
953 959 1
749 784 0
150 154 1
514 519 1
187 190 0
174 177 1
509 510 1
729 730 1
76 107 0
200 201 1
623 626 1
976 978 1
1059 1060 1
554 556 1
249 250 1
619 620 1
569 571 1
47 51 1
1134 1135 1
613 615 1
1165 1201 0
414 417 1
977 980 1
86 87 1
313 317 1
610 611 1
629 631 1
713 715 1
1129 1131 1
139 140 1
1066 1067 1
964 965 1
666 667 1
427 435 1
1033 1034 1
550 551 1
712 714 1
821 829 1
558 585 0
288 292 1
580 581 1
1007 1040 0
1184 1185 1
499 500 1
1158 1163 1
706 707 1
96 100 1
1138 1142 1
775 776 1
1117 1118 1
887 892 1
372 376 1
802 803 1
684 689 1
29 34 1
166 169 1
1198 1199 1
40 42 1
857 863 1
788 789 1
1088 1089 1
782 783 1
817 820 1
1151 1156 1
1174 1176 1
1003 1004 1
104 108 1
1143 1147 1
0 1 1
116 119 1
932 934 1
521 522 1
1132 1138 1
319 325 1
333 337 1
482 486 1
778 779 1
129 132 1
1179 1180 1
686 690 1
54 55 1
284 286 1
21 24 1
1126 1133 1
504 507 1
992 994 1
921 927 1
170 171 1
531 534 1
756 762 1
147 148 1
708 710 1
523 527 1
397 405 1
985 986 1
497 498 1
305 309 1
168 170 1
691 692 1
867 868 1
594 599 1
818 819 1
228 235 1
355 357 1
814 815 1
714 716 1
693 694 1
1028 1030 1
436 468 0
652 653 1
886 889 1
363 364 1
659 662 1
440 470 0
1176 1179 1
330 335 1
577 578 1
