84 91 0
75 76 1
125 127 1
66 107 0
114 115 1
116 117 1
52 59 1
62 66 0
142 150 1
40 55 0
73 74 1
75 85 1
8 19 0
166 170 1
64 69 1
14 22 1
2 4 1
97 113 1
153 157 1
119 122 0
163 174 1
70 71 1
127 128 1
148 151 1
137 143 1
10 29 1
68 79 1
118 121 0
82 88 1
128 154 0
85 93 0
155 158 0
1 20 0
51 61 0
99 100 1
8 23 0
102 103 1
64 65 1
147 152 0
52 53 1
72 90 0
170 171 1
118 122 0
32 33 1
152 177 0
58 61 1
0 4 1
143 151 1
40 65 0
62 80 0
93 131 0
1 9 0
147 150 0
134 139 1
49 50 1
106 111 1
156 160 1
12 21 1
83 88 1
95 100 1
125 126 1
31 54 0
77 86 1
45 60 1
123 124 0
156 165 1
107 124 0
67 90 1
87 92 0
158 172 0
69 87 0
78 86 1
137 144 1
76 77 1
124 136 0
47 48 1
0 25 1
129 145 1
32 60 1
159 164 1
70 80 1
39 46 1
157 175 0
155 171 0
15 53 0
110 128 0
19 26 0
3 5 1
12 25 1
82 89 1
34 66 0
126 130 1
104 114 1
63 78 1
161 162 1
94 102 1
138 146 1
34 56 1
120 121 1
154 175 1
133 138 1
132 146 1
107 123 0
35 56 1
95 104 1
135 140 1
14 28 1
117 147 0
42 59 1
73 83 1
79 92 0
44 45 1
43 85 0
63 68 1
16 17 1
139 140 1
67 89 1
162 174 1
31 39 0
71 81 1
144 149 1
145 149 0
105 115 1
38 43 1
101 108 1
21 24 1
6 15 1
10 16 1
42 51 1
30 40 0
91 110 0
48 55 1
13 28 1
173 176 1
105 111 1
103 110 1
166 169 1
38 44 1
96 109 1
112 120 1
53 84 0
153 160 1
98 99 1
7 43 0
36 49 1
11 34 0
136 148 1
65 117 0
7 29 1
94 113 1
117 152 0
53 91 0
