381 386 1
379 385 1
361 362 1
39 40 0
311 341 0
32 53 0
78 87 1
265 274 1
242 244 1
298 299 1
132 134 1
103 111 1
221 227 0
210 220 0
290 300 0
260 266 1
145 149 1
190 197 1
90 95 1
265 266 1
55 60 1
93 97 1
350 385 0
207 209 1
24 42 0
366 392 0
18 19 1
100 125 0
302 304 0
297 305 0
84 85 1
116 123 1
0 2 1
221 233 0
63 98 0
57 68 1
51 71 0
323 342 0
120 156 0
251 253 0
19 20 1
96 98 0
10 20 0
253 269 0
170 179 1
286 291 0
58 59 0
180 185 1
313 350 0
222 224 0
104 108 1
57 82 0
162 174 0
104 114 1
141 143 1
234 238 1
368 383 1
390 392 1
80 101 0
287 302 1
377 378 1
175 185 1
122 127 1
91 92 1
317 327 1
378 384 1
98 119 0
247 248 1
384 385 1
320 321 1
27 28 1
177 188 1
117 118 1
45 50 1
168 169 1
353 355 1
52 56 0
372 376 0
66 67 1
1 3 0
193 197 1
253 282 0
17 22 0
260 288 0
375 376 1
135 136 1
274 301 0
284 285 1
155 157 1
191 192 1
283 289 1
208 211 1
316 326 1
31 33 0
241 252 0
20 67 0
150 151 1
127 129 1
262 271 1
213 214 0
277 278 0
207 211 1
202 203 1
42 79 0
283 292 1
76 80 1
64 65 1
256 257 1
82 100 0
146 158 0
369 377 1
328 329 1
89 90 1
60 61 1
105 109 1
53 54 1
270 271 1
36 37 0
198 199 1
189 219 0
42 43 1
107 113 0
204 213 1
387 391 0
167 168 1
140 143 0
117 124 1
371 382 0
254 263 1
114 154 0
307 309 1
278 305 0
379 380 1
163 165 0
343 352 1
364 366 0
99 100 1
289 291 1
223 231 0
235 269 0
14 15 0
248 250 1
26 27 1
0 1 1
312 342 0
180 184 1
89 94 1
356 379 0
144 148 1
227 274 0
7 21 0
237 238 1
108 109 1
254 258 1
28 29 1
59 64 1
393 394 1
237 246 1
187 210 0
300 303 1
146 171 0
314 329 1
308 310 1
145 152 1
6 7 0
218 219 0
341 365 0
369 373 1
360 361 1
210 216 0
177 182 1
40 41 0
45 46 1
234 239 1
261 267 1
380 381 1
370 388 1
106 107 1
153 155 1
270 275 1
188 206 0
390 394 1
306 339 0
368 371 1
347 349 1
282 312 0
71 130 0
105 142 0
15 16 0
167 178 1
164 173 1
279 280 1
166 178 1
222 225 0
123 124 1
160 162 1
333 337 1
81 85 1
342 363 0
229 264 0
317 326 1
281 311 0
321 330 1
228 232 1
227 236 1
106 112 1
93 94 1
79 114 0
108 138 0
249 280 0
255 259 1
223 232 0
344 348 1
75 79 1
359 360 1
358 374 0
318 324 1
309 340 0
71 120 0
70 74 1
121 126 1
200 227 0
101 137 0
203 212 1
161 163 1
219 241 0
12 13 0
323 327 0
323 358 0
359 370 0
172 182 1
151 153 1
22 32 0
330 331 1
305 323 0
292 293 1
204 212 1
133 137 1
285 290 1
294 299 1
313 316 1
53 78 0
69 73 0
46 47 1
164 174 1
322 349 0
344 345 1
154 188 0
115 125 1
34 36 0
58 68 0
352 354 1
171 186 1
252 281 0
330 343 0
157 158 1
35 38 0
9 11 0
71 96 0
33 34 0
54 56 1
374 386 1
322 325 1
233 246 0
131 133 1
191 196 1
280 309 0
81 83 1
113 125 0
382 389 0
244 245 1
72 75 0
69 70 0
275 276 1
367 395 0
139 142 1
226 229 1
181 186 1
295 303 1
215 216 1
156 187 0
38 39 0
141 147 1
148 152 1
214 217 1
306 307 1
226 255 0
336 337 0
339 362 0
256 263 1
159 176 0
210 218 0
76 105 0
16 17 0
349 377 0
367 374 0
319 324 1
195 202 1
126 128 1
345 354 1
149 150 1
116 122 1
47 48 1
143 165 0
88 92 1
77 101 0
295 301 1
199 200 1
30 63 0
118 119 1
357 386 0
332 338 1
77 80 1
195 201 1
215 217 1
301 304 1
234 261 0
225 226 1
30 62 0
183 184 1
240 243 1
88 97 1
102 111 1
8 9 0
372 373 0
238 272 0
194 198 1
224 228 1
206 208 1
314 318 1
333 334 1
343 372 0
306 308 1
160 161 1
258 259 0
286 288 0
61 66 1
169 170 1
230 235 0
242 249 1
77 83 1
255 290 0
21 23 0
176 189 0
334 359 0
230 243 0
261 283 0
4 5 0
332 339 1
348 351 1
336 338 0
171 215 0
284 294 1
125 144 0
