127 136 1
65 67 1
161 162 1
163 181 1
76 80 1
10 15 0
45 46 1
141 142 1
92 93 1
30 33 1
50 61 0
102 105 1
180 183 1
160 177 0
147 148 1
241 249 1
42 44 1
171 204 0
141 148 1
170 177 0
174 175 1
226 230 1
74 77 1
104 106 1
99 102 1
166 182 1
110 113 1
230 237 1
130 137 1
168 194 0
132 164 0
53 54 1
155 156 0
179 184 0
187 192 0
173 178 1
108 114 1
139 140 1
155 190 0
34 36 1
82 84 1
240 241 1
144 146 0
195 196 1
216 220 1
20 21 1
240 248 1
78 79 1
128 131 1
257 260 0
156 157 1
232 234 1
25 32 1
13 19 1
228 232 1
4 5 0
2 7 0
256 260 1
225 226 1
167 168 1
152 153 1
202 236 0
50 52 0
258 259 1
51 55 1
127 128 1
63 64 0
44 45 1
53 55 1
250 252 1
24 28 1
8 9 1
216 219 1
96 97 1
39 40 0
227 233 1
222 223 1
88 89 1
197 203 1
17 20 1
193 201 1
26 27 1
116 119 0
217 221 1
92 101 1
83 120 0
131 133 1
129 134 1
150 157 0
12 15 1
190 224 0
43 46 1
208 214 1
124 171 0
24 29 1
51 58 1
10 49 0
239 243 1
208 209 1
47 83 0
207 211 1
122 123 0
114 146 0
172 178 0
73 76 1
255 256 0
214 215 1
135 137 1
13 16 1
257 258 0
199 200 1
81 84 1
200 204 1
74 75 1
227 236 1
88 95 1
144 145 0
211 220 1
159 169 0
7 10 0
217 224 1
66 71 1
246 253 1
35 36 0
49 85 0
52 57 0
17 18 1
68 70 1
32 35 1
135 143 1
158 164 0
165 166 1
150 151 0
130 132 1
71 72 1
247 248 1
205 206 1
193 198 1
93 96 1
163 172 1
196 197 1
107 110 1
38 43 1
60 62 0
234 235 1
67 68 1
30 31 1
25 26 1
164 176 1
91 94 1
5 8 0
72 75 1
87 89 1
233 242 1
38 39 1
105 106 1
198 210 1
27 33 1
79 80 1
14 16 1
22 23 1
34 37 1
85 86 1
125 129 1
212 213 1
202 206 1
91 98 1
65 66 1
134 138 1
140 143 1
228 231 1
151 153 1
173 175 1
218 219 1
186 188 1
159 170 0
146 187 0
11 12 1
104 107 1
117 118 1
54 59 1
132 136 1
87 90 1
250 259 1
22 28 1
122 124 0
0 1 1
246 254 1
124 162 0
229 236 1
109 111 1
186 189 1
133 138 1
154 155 0
162 171 1
78 82 1
191 192 1
243 251 1
252 253 1
146 149 0
120 154 0
108 115 1
29 31 1
167 182 1
81 83 1
194 195 1
221 222 1
183 185 1
69 70 0
11 14 1
100 101 1
115 116 1
154 190 0
189 191 1
117 119 1
149 152 0
123 126 0
99 103 1
145 147 1
41 42 1
0 2 1
