364 372 0
470 483 1
145 176 1
583 592 1
385 386 1
402 413 1
584 599 1
507 508 1
96 122 1
678 692 1
683 684 1
456 473 1
738 751 1
721 744 0
137 138 1
504 506 1
623 625 1
217 218 1
534 548 1
331 332 1
175 176 1
318 319 1
666 676 1
93 120 1
60 61 1
465 475 1
187 188 1
408 409 1
2 3 1
445 446 1
302 303 1
396 397 1
117 118 1
390 418 0
672 694 1
693 694 1
447 505 0
582 588 1
602 603 1
474 480 1
519 521 0
656 665 1
397 398 1
509 510 1
240 250 1
607 616 1
567 570 1
354 362 1
167 168 1
474 493 1
266 267 1
465 554 0
633 648 0
418 419 0
178 179 1
156 157 1
648 657 1
421 447 0
244 245 1
289 293 1
196 209 1
308 309 1
503 506 1
35 49 1
451 452 1
357 379 1
717 718 1
229 230 1
479 482 1
609 670 0
620 621 1
274 275 1
134 196 0
99 100 1
419 429 0
242 255 1
404 414 1
355 365 1
735 736 1
332 337 1
235 236 1
446 447 1
79 111 1
287 288 1
358 380 1
753 758 1
240 249 1
135 141 1
623 626 1
643 646 1
307 308 1
741 756 1
531 553 1
525 526 1
238 309 0
471 483 1
110 111 1
736 747 1
426 427 1
430 431 1
727 728 1
83 84 1
19 20 1
127 128 1
667 668 1
688 693 1
619 620 1
636 639 1
581 585 1
422 423 1
601 606 1
533 547 1
5 9 1
536 537 1
154 190 1
578 589 1
141 142 1
363 364 0
412 413 1
326 327 0
68 69 1
55 56 1
373 379 1
96 97 1
199 200 1
6 11 1
177 193 1
304 313 1
44 45 1
624 625 1
81 82 1
352 353 1
707 718 0
723 743 0
429 493 0
369 380 1
579 592 1
586 597 1
197 225 0
557 558 1
424 484 0
405 415 1
486 487 1
571 572 1
671 687 1
615 622 1
63 65 1
518 520 1
524 525 0
463 473 1
153 154 1
214 215 1
761 762 0
627 628 1
507 543 0
451 460 1
573 574 1
31 32 1
580 624 0
22 48 1
213 214 1
685 686 1
285 286 1
542 550 1
414 415 1
635 639 1
711 712 1
168 169 1
232 233 1
633 657 0
529 530 1
569 571 1
158 159 1
383 384 1
93 94 1
448 450 1
277 278 1
484 485 1
331 336 1
680 681 1
269 280 1
78 107 1
258 262 1
216 238 0
501 502 1
95 121 1
442 443 1
387 393 1
228 229 1
540 541 1
182 183 1
78 106 1
161 162 1
532 553 1
298 299 1
342 343 1
447 504 0
59 60 1
113 192 0
643 645 1
416 420 1
273 281 1
328 362 0
713 714 1
359 369 1
9 10 1
541 549 1
470 479 1
38 51 1
664 674 1
614 615 1
18 19 1
467 468 1
485 486 1
431 432 1
129 130 1
210 211 1
321 322 1
312 319 1
565 577 0
546 561 1
12 13 1
282 283 1
671 688 1
644 652 1
34 35 1
435 443 1
253 271 1
241 242 1
669 682 1
608 617 1
649 658 0
69 70 1
388 389 1
39 40 1
20 44 1
275 295 0
212 230 1
324 325 1
712 713 1
377 378 1
374 465 0
132 133 1
531 552 1
396 401 1
403 404 1
761 764 0
5 8 1
224 232 1
696 699 1
304 314 1
287 297 1
254 261 1
572 573 1
455 467 0
159 160 1
238 257 1
565 576 0
259 268 1
462 466 1
246 247 1
646 647 1
207 208 1
585 594 1
366 367 1
737 749 1
54 55 1
74 101 1
72 89 1
14 15 1
259 280 1
247 257 1
386 394 1
91 114 1
243 244 1
138 139 1
398 399 1
358 368 1
461 464 1
574 575 1
520 565 0
57 62 1
306 315 1
487 490 1
66 136 0
222 231 1
303 310 1
488 498 1
170 171 1
505 519 0
92 115 1
107 108 1
341 342 1
353 354 1
660 661 1
655 663 1
329 330 1
402 403 1
66 67 1
562 563 1
186 187 1
395 424 0
233 235 1
151 152 1
166 167 1
85 86 1
22 47 1
684 685 1
145 177 1
58 59 1
422 424 1
719 723 1
218 239 0
32 33 1
535 536 1
12 43 1
670 687 1
212 213 1
662 663 1
183 184 1
150 151 1
357 366 1
737 750 1
253 260 1
30 58 0
528 538 1
516 517 1
223 224 1
595 596 1
568 569 1
697 700 1
221 231 1
530 608 0
740 755 1
265 279 1
702 706 1
348 349 1
278 292 1
504 505 1
724 743 1
162 163 1
707 708 1
312 313 1
264 274 1
551 552 1
293 298 1
80 81 1
160 161 1
477 481 1
407 416 1
239 301 0
720 729 1
642 645 1
125 192 0
566 580 0
408 419 1
225 261 0
752 760 1
499 500 1
367 368 1
554 609 0
598 602 1
515 516 1
593 610 0
62 63 1
36 37 1
435 436 1
248 249 1
84 85 1
169 170 1
670 686 1
710 711 1
655 679 1
739 757 1
148 188 1
11 42 1
276 295 1
0 1 1
665 675 1
410 411 1
320 321 1
54 61 1
676 677 1
25 26 1
439 440 1
344 345 1
94 95 1
740 759 1
347 348 1
714 716 1
49 50 1
349 350 1
375 376 1
330 333 1
732 745 1
566 567 1
703 704 1
533 534 1
526 544 1
449 453 1
186 195 1
466 475 0
146 147 1
294 300 1
490 491 1
511 512 1
508 509 1
708 709 1
157 158 1
596 597 1
637 638 1
286 297 1
275 328 0
661 662 1
3 4 1
237 275 0
657 709 0
656 666 1
241 254 1
626 627 1
277 296 1
547 555 1
269 270 1
284 285 1
726 727 0
558 559 1
720 721 1
335 339 1
356 373 1
71 87 1
208 209 1
261 291 0
724 725 1
384 391 1
265 292 1
385 392 1
178 193 1
40 41 1
741 742 1
75 76 1
527 545 1
700 701 1
436 437 1
0 66 0
147 181 1
411 412 1
71 88 1
611 612 1
576 577 1
636 637 1
171 172 1
119 120 1
72 73 1
438 444 1
290 291 1
664 689 1
323 324 1
74 100 1
272 281 1
519 520 1
616 622 1
13 14 1
51 52 1
219 220 1
250 251 1
452 453 1
606 613 1
58 125 0
448 449 1
437 438 1
126 127 1
538 539 1
4 7 1
327 328 1
734 735 1
502 503 1
27 28 1
367 464 0
376 381 1
701 702 1
220 221 1
738 760 1
728 729 1
546 554 1
495 496 1
475 554 0
719 722 1
610 619 0
21 46 1
511 513 1
417 421 1
677 691 1
339 344 1
227 228 1
417 420 1
333 334 1
583 591 1
8 41 1
144 173 1
196 211 0
457 505 0
317 318 1
16 17 1
695 699 1
90 91 1
164 165 1
276 296 1
559 560 1
355 372 1
252 260 1
42 43 1
26 27 1
200 201 1
747 748 1
611 621 1
564 565 1
23 48 1
143 164 1
514 515 1
429 430 1
305 315 1
601 614 1
155 156 1
469 476 1
246 256 1
58 113 1
493 494 1
459 460 1
97 98 1
206 207 1
496 497 1
605 609 0
529 542 1
754 759 1
118 119 1
149 189 1
752 757 1
104 105 1
432 433 1
290 300 1
337 338 1
731 745 1
667 678 1
378 383 1
594 595 1
641 642 1
608 668 0
148 149 1
762 763 1
555 561 1
336 343 1
600 604 1
750 751 1
362 421 0
174 175 1
578 590 1
521 522 0
165 166 1
135 140 1
204 205 1
146 180 1
577 618 0
612 613 1
438 489 0
704 705 1
172 173 1
17 18 1
587 618 0
76 77 1
205 206 1
46 47 1
340 341 1
476 481 1
393 394 1
245 256 1
753 754 1
458 459 1
468 469 1
696 697 1
689 690 1
579 584 1
491 492 1
454 461 1
239 248 1
310 311 1
356 365 1
252 270 1
88 89 1
698 715 0
108 109 1
133 134 1
82 83 1
484 507 0
125 197 0
648 651 1
56 57 1
568 570 1
391 392 1
328 354 0
86 113 1
423 425 1
406 407 1
593 605 0
580 581 1
603 618 1
29 30 1
266 279 1
311 316 1
425 426 1
305 314 1
362 363 0
440 441 1
261 317 0
599 600 1
427 428 1
23 24 1
535 548 1
544 551 0
329 395 0
124 132 1
739 758 1
633 634 1
79 112 1
75 103 1
669 683 1
98 99 1
52 53 1
527 532 1
478 482 1
198 199 1
652 659 1
456 472 1
271 272 1
102 103 1
628 629 1
464 545 0
709 726 0
703 706 1
657 658 0
64 65 1
629 630 1
222 223 1
201 202 1
695 698 1
226 227 1
672 673 1
196 216 0
