95 105 1
50 51 1
29 41 1
571 576 1
362 363 1
30 41 0
376 377 1
536 539 1
61 63 1
17 31 1
171 188 1
450 458 1
126 131 1
96 105 1
384 385 1
540 543 1
22 35 1
466 470 1
326 333 1
124 129 1
375 376 1
471 472 1
19 32 1
223 234 1
173 174 1
155 201 0
499 500 1
79 120 0
405 408 1
572 574 1
312 315 0
67 93 1
215 229 1
7 8 1
579 581 1
14 19 1
290 293 1
339 341 1
177 185 1
486 488 1
209 219 1
210 215 1
484 487 1
160 162 1
230 238 1
201 204 1
142 185 0
2 4 1
549 563 0
393 398 1
474 476 1
124 125 1
491 501 1
415 420 1
331 339 1
392 395 1
205 213 1
298 325 0
195 198 1
564 566 1
108 113 1
65 69 1
219 234 1
385 389 1
6 10 1
207 211 1
436 477 0
233 236 1
217 221 1
407 411 1
483 489 1
159 161 1
32 42 1
484 485 1
539 545 1
287 288 1
301 302 1
228 229 1
255 256 1
360 363 1
467 468 1
533 535 1
7 11 1
82 93 1
393 397 1
455 460 1
391 394 1
567 569 1
62 64 1
20 21 1
218 221 1
169 178 1
418 427 1
182 183 1
133 143 1
547 552 1
352 354 1
220 224 1
402 403 1
304 312 1
135 140 1
164 165 1
550 551 1
365 377 1
265 266 1
452 457 1
394 399 1
536 537 1
117 121 1
79 80 1
343 349 1
424 430 1
196 200 1
489 490 1
186 187 1
139 140 1
267 273 1
570 573 1
361 364 1
503 505 1
226 227 1
0 1 1
158 159 1
277 281 1
96 142 0
12 98 0
454 459 1
153 154 1
79 92 1
73 74 1
415 428 1
13 17 1
507 508 1
329 335 1
387 425 0
410 414 1
322 355 0
174 180 1
425 426 1
277 282 1
445 446 1
66 78 1
325 328 1
419 431 0
288 317 0
580 581 0
0 12 0
314 315 1
469 476 1
109 110 1
592 593 1
214 235 1
582 583 1
197 198 1
588 589 1
456 458 1
294 296 1
509 510 1
251 259 0
278 285 1
344 351 1
288 289 1
201 250 0
154 201 0
9 26 1
470 471 1
33 45 1
108 155 0
250 251 0
145 147 1
299 306 1
245 247 1
91 101 1
366 367 1
141 145 1
479 480 1
340 343 1
274 280 1
495 498 1
542 556 1
541 555 1
579 582 1
292 294 1
147 150 1
122 133 1
184 193 1
544 545 1
322 323 0
110 114 1
39 40 1
167 176 0
15 25 1
116 120 1
401 406 1
208 217 1
336 338 1
70 85 1
411 413 1
16 27 1
553 554 1
421 429 1
587 591 1
301 305 1
365 366 1
77 78 1
203 207 1
216 230 1
156 170 1
29 40 1
60 63 1
212 213 1
111 112 1
436 437 1
36 47 1
333 334 1
49 57 1
583 584 1
176 183 1
232 233 1
38 51 1
367 368 1
330 335 1
102 104 1
432 435 1
531 533 1
260 261 1
123 129 1
345 346 1
567 568 1
120 164 0
357 358 1
225 237 1
103 107 1
500 501 1
373 387 0
408 409 1
218 222 1
193 194 1
71 87 1
13 18 1
109 112 1
15 26 1
319 321 1
239 240 1
244 245 1
327 337 1
356 359 1
270 279 1
434 435 1
428 429 1
184 191 1
386 388 1
92 96 1
473 475 1
554 555 1
565 570 1
527 528 1
269 283 1
569 573 1
152 157 1
388 390 1
440 441 1
516 521 1
527 575 0
317 322 0
3 4 1
181 189 1
417 424 1
590 594 1
160 167 1
532 534 1
372 373 1
400 406 1
347 348 1
125 130 1
98 99 1
88 89 1
447 456 1
318 319 1
223 236 1
369 380 1
534 537 1
131 139 1
286 287 1
206 211 1
52 56 1
591 595 1
374 375 1
358 359 1
35 46 1
314 316 1
275 276 1
77 90 1
275 280 1
157 162 1
459 461 1
378 379 1
329 334 1
416 422 1
491 494 1
587 588 1
364 368 1
464 468 1
419 420 0
361 362 1
194 195 1
561 566 1
148 151 1
253 258 1
522 525 1
342 351 1
380 381 1
402 404 1
463 472 1
276 281 1
502 504 1
196 197 1
225 226 1
38 52 1
263 267 1
6 16 1
551 552 1
559 564 1
101 104 1
165 168 1
371 372 1
332 338 1
271 279 1
556 560 1
154 155 1
520 521 1
81 82 1
450 455 1
508 509 1
297 300 1
153 161 1
85 86 1
318 320 1
431 433 0
311 321 1
148 149 1
426 427 1
33 44 1
481 486 1
68 69 1
585 586 1
310 313 1
20 43 1
203 204 1
357 360 1
514 518 1
442 445 1
454 460 1
226 270 0
224 237 1
507 519 1
12 55 0
541 542 1
137 144 1
443 482 0
166 169 1
305 308 1
284 285 1
481 482 1
164 177 1
241 246 1
584 586 1
557 560 1
291 293 1
53 56 0
137 142 1
548 559 1
398 399 1
490 492 1
231 232 1
553 561 1
416 421 1
189 190 1
438 441 1
126 130 1
493 503 1
170 186 0
386 387 1
477 478 1
463 467 1
86 87 1
214 228 1
510 520 1
199 200 1
25 48 1
268 269 1
163 166 1
519 523 1
9 27 1
222 231 1
60 64 1
412 414 1
502 512 1
346 347 1
593 594 1
504 511 1
111 132 1
350 352 1
344 345 1
117 118 1
61 66 1
80 81 1
532 538 1
127 132 1
412 413 1
483 487 1
575 596 0
410 418 1
340 341 1
336 337 1
313 316 1
396 397 1
113 115 1
102 103 1
99 100 1
391 443 0
506 522 1
526 530 1
328 330 1
568 577 1
54 55 1
289 291 1
21 44 1
465 466 1
252 254 1
505 514 1
590 597 1
191 192 1
562 565 1
405 407 1
256 257 1
260 271 1
578 580 0
432 433 1
392 396 1
382 383 1
270 278 1
238 240 1
295 296 1
65 83 1
268 282 1
478 479 1
172 179 1
121 128 1
1 3 1
529 530 1
290 292 1
239 243 1
182 190 1
558 562 1
189 226 0
202 206 1
73 94 1
5 8 0
46 47 1
323 324 1
303 306 1
310 311 1
168 178 1
331 332 1
342 353 1
449 453 1
175 180 1
118 119 1
8 58 0
354 355 1
389 390 1
425 430 1
246 247 1
462 469 1
83 97 1
14 18 1
452 453 1
70 84 1
249 295 0
400 409 1
36 37 1
326 327 1
492 494 1
506 515 1
283 284 1
547 548 1
58 59 1
209 220 1
511 517 1
262 265 1
462 465 1
540 544 1
442 444 1
