203 208 1
469 470 1
236 242 1
545 560 1
501 502 1
123 130 1
408 419 1
632 637 1
197 213 1
261 262 1
308 350 0
342 362 0
64 70 1
133 134 1
341 361 0
37 38 1
41 47 1
199 200 1
255 261 1
578 603 1
56 62 1
499 514 1
334 339 1
332 333 1
16 17 1
9 21 1
639 640 1
175 176 1
293 308 0
199 209 1
302 303 1
119 132 1
450 455 1
258 280 0
472 477 1
42 48 1
62 63 1
359 393 0
159 160 1
240 245 1
164 173 1
610 611 1
430 436 1
105 117 1
272 273 0
435 439 1
469 472 1
586 590 1
450 451 1
441 448 0
409 420 1
277 291 0
267 275 1
370 401 0
283 343 0
133 143 1
195 196 1
158 159 1
350 387 0
644 654 1
224 225 1
154 157 1
480 486 1
137 145 1
387 438 0
299 308 1
465 471 1
7 11 1
601 602 1
18 25 1
211 212 1
406 407 1
129 130 1
297 298 1
348 349 1
202 211 1
8 13 1
479 492 1
254 260 1
319 320 1
114 121 1
558 559 1
627 631 1
120 126 1
445 486 0
131 132 1
673 674 1
90 91 1
374 375 1
155 221 0
246 247 1
478 552 0
412 413 1
595 612 1
429 437 1
659 660 1
75 76 1
531 557 0
361 398 0
554 564 1
331 332 1
322 323 1
433 438 1
78 82 1
92 98 1
161 167 1
417 418 1
426 432 1
395 397 1
485 493 1
325 330 1
153 162 1
666 669 1
452 457 1
588 591 1
609 619 1
477 491 1
478 479 1
5 6 1
607 613 0
342 352 1
631 640 1
23 33 1
398 399 1
18 26 1
321 328 1
643 646 1
113 127 1
301 302 1
542 543 1
128 129 1
652 657 1
24 36 1
431 432 1
346 347 1
245 278 0
257 270 1
107 108 1
633 634 1
525 540 0
262 263 1
282 327 0
443 446 1
509 516 1
301 304 1
268 271 1
451 456 1
221 258 0
341 342 1
67 68 1
112 126 1
481 482 1
117 122 1
322 328 1
40 44 1
77 81 1
103 114 1
337 338 1
165 166 1
608 619 1
231 238 1
314 324 1
387 391 1
222 251 0
641 642 1
228 238 1
454 459 1
662 668 1
610 616 1
29 30 1
584 585 1
223 224 1
340 352 1
386 390 1
364 401 0
110 111 1
274 276 1
41 48 1
49 99 0
174 175 1
296 306 1
214 215 1
645 657 1
71 84 1
86 95 1
230 235 1
240 241 1
13 28 1
233 234 1
376 382 1
23 32 1
519 523 1
68 69 1
587 588 1
307 355 0
449 452 1
440 487 0
606 615 1
160 161 1
179 180 1
476 483 1
344 353 1
628 637 1
525 529 0
402 404 0
188 193 1
239 245 1
539 552 0
577 599 1
528 556 0
327 372 0
661 667 1
524 527 0
178 184 1
61 81 1
567 568 1
198 209 1
575 590 1
300 304 1
399 400 1
611 612 1
453 517 0
375 378 1
83 85 1
254 256 1
377 385 1
59 60 1
626 636 0
146 148 0
229 233 1
369 400 0
57 69 1
544 557 1
574 582 1
345 392 0
38 39 1
179 190 1
636 638 0
473 474 1
658 671 1
373 374 1
9 10 1
202 210 1
343 353 1
380 381 1
353 369 0
236 241 1
106 107 1
220 227 1
86 94 1
182 189 1
171 172 1
599 600 1
393 424 0
500 501 1
467 468 1
460 461 1
460 463 1
325 329 1
358 359 1
602 603 1
271 275 1
413 414 1
12 27 1
535 541 1
222 223 0
181 191 1
102 155 0
574 581 1
141 142 1
3 5 1
198 208 1
425 430 1
653 660 1
579 586 1
305 309 1
7 22 1
530 536 1
155 219 0
174 180 1
55 72 1
46 47 1
204 205 1
401 446 0
243 246 1
225 226 1
99 118 0
595 607 1
561 562 1
600 601 1
535 540 1
253 276 1
520 522 1
53 54 1
609 615 1
124 125 1
639 643 1
388 389 1
454 458 1
105 116 1
480 498 1
415 449 0
295 305 1
40 43 1
672 675 1
662 667 1
364 370 1
583 592 1
186 187 1
192 195 1
565 571 1
134 144 1
496 497 1
528 539 0
580 581 1
101 110 1
253 273 1
266 285 0
16 33 1
355 428 0
392 402 0
663 668 1
317 326 1
492 493 1
235 244 1
121 127 1
283 284 1
376 379 1
589 604 1
24 25 1
295 299 1
388 391 1
408 409 1
266 267 1
248 249 1
658 659 1
282 288 1
118 146 0
655 656 1
506 514 1
508 515 1
177 182 1
476 484 1
93 96 1
103 115 1
59 64 1
394 397 1
410 423 1
70 76 1
136 147 1
347 348 1
504 512 1
402 405 0
289 290 0
203 207 1
359 360 1
487 495 1
421 428 0
356 360 1
354 357 1
624 630 1
617 618 1
45 46 1
277 279 0
475 526 0
398 441 0
369 370 1
363 368 1
440 441 0
518 520 1
136 140 1
341 343 1
393 421 0
515 516 1
670 671 1
677 679 1
85 91 1
49 50 1
310 311 1
170 171 1
162 163 1
635 641 1
645 646 1
255 256 1
119 120 1
497 498 1
259 274 1
108 109 1
252 265 1
318 324 1
665 666 1
365 366 1
665 672 1
567 573 1
524 538 0
125 131 1
194 196 1
582 583 1
669 670 1
213 220 0
118 194 0
51 54 1
403 411 1
58 75 1
503 509 1
629 634 1
417 422 1
532 541 1
315 319 1
362 397 0
543 549 1
366 371 1
566 572 1
102 111 1
17 34 1
229 232 1
296 300 1
4 6 1
335 336 1
169 173 1
349 350 1
446 447 1
621 622 1
545 554 1
542 550 1
92 96 1
285 292 1
181 186 1
144 145 1
249 250 1
259 269 1
151 156 1
623 625 1
87 88 1
606 616 1
551 594 0
152 154 1
219 221 1
183 184 1
1 3 1
389 390 1
231 232 1
66 73 1
35 37 1
380 384 1
177 183 1
337 351 1
663 664 1
561 564 1
57 58 1
435 436 1
500 505 1
648 661 1
250 251 1
106 122 1
461 462 1
569 570 1
191 192 1
14 15 1
530 532 0
559 563 1
526 530 0
550 551 1
383 384 1
73 80 1
623 633 1
463 468 1
321 333 1
647 654 1
534 538 1
8 12 1
485 496 1
481 489 1
624 626 1
170 176 1
291 293 0
226 227 1
197 214 1
212 218 1
394 396 1
449 453 1
589 594 1
395 398 1
98 99 1
510 519 1
510 511 1
100 101 1
286 287 1
178 185 1
394 445 0
575 578 1
464 465 1
503 517 1
263 264 1
188 189 1
373 377 1
407 416 1
289 313 0
544 553 1
511 512 1
163 169 1
473 482 1
294 298 1
597 598 1
565 572 1
312 360 0
34 36 1
194 238 0
424 496 0
484 490 1
576 579 1
310 313 1
185 190 1
437 444 0
123 124 1
546 555 1
350 351 1
31 39 1
638 642 1
433 434 1
257 264 1
381 385 1
552 620 0
625 628 1
187 193 1
592 593 1
155 164 1
355 358 1
382 383 1
504 505 1
529 531 0
35 42 1
396 444 0
100 109 1
442 443 1
165 172 1
280 327 0
426 427 1
11 32 1
422 427 1
200 201 1
147 149 1
649 664 1
620 621 1
651 652 1
392 405 0
507 508 1
19 29 1
335 364 0
258 268 1
487 488 1
627 632 1
522 527 1
494 495 1
278 342 0
252 266 1
418 419 1
596 605 1
526 536 0
335 344 1
617 622 1
88 89 1
71 77 1
415 453 0
55 65 1
608 614 1
167 168 1
466 471 1
340 354 1
365 378 1
536 537 1
560 563 1
142 143 1
404 447 0
1 2 1
236 283 0
444 445 1
218 219 1
207 217 1
