411 412 1
67 110 0
60 91 1
273 279 1
94 95 1
394 395 1
236 237 1
316 317 1
227 231 1
143 195 0
240 245 1
40 48 1
88 96 1
23 46 1
368 369 1
285 316 0
269 277 1
491 492 1
471 490 1
170 175 1
470 489 1
492 495 1
420 430 1
334 345 1
157 158 1
341 348 1
259 260 1
254 264 1
417 418 1
153 159 1
437 443 1
397 448 0
387 388 1
37 38 1
468 494 0
233 238 1
475 476 1
259 304 0
244 245 1
473 474 0
29 39 1
76 77 1
283 284 1
54 68 1
440 441 1
199 247 0
154 160 1
255 264 1
248 250 1
467 488 1
168 176 1
109 117 1
41 42 1
202 225 1
433 434 1
196 200 1
247 253 1
249 260 1
360 367 1
191 194 1
362 371 1
496 500 1
10 11 1
365 377 1
184 186 1
15 16 1
9 25 1
342 343 1
465 477 1
339 343 1
256 265 1
12 18 1
363 382 1
356 357 1
43 44 1
209 224 1
478 479 1
262 263 1
496 498 1
372 373 1
388 392 1
302 306 1
29 50 1
80 81 1
393 399 1
383 386 1
326 327 1
109 131 1
48 50 1
129 136 1
59 91 1
205 219 1
111 134 0
26 31 1
66 82 1
335 345 1
296 297 1
209 214 1
203 217 1
303 304 1
395 401 1
276 277 1
97 98 1
226 230 1
147 153 1
412 413 1
396 399 1
328 329 1
189 190 1
22 45 1
476 477 1
453 466 1
179 204 0
116 131 1
32 47 1
102 123 0
114 115 1
30 42 1
204 250 0
347 352 1
9 17 1
311 315 1
257 258 1
415 438 1
402 407 1
316 371 0
7 31 1
182 183 1
333 334 1
297 298 1
52 86 1
156 164 1
294 295 1
56 57 1
426 427 1
330 331 1
138 141 1
117 118 1
90 98 1
63 80 1
152 166 1
70 96 1
125 136 1
146 149 1
454 459 1
205 250 0
190 193 1
339 346 1
113 114 1
294 301 1
281 293 1
168 171 1
312 313 1
74 90 1
366 403 0
65 92 1
132 133 1
427 428 1
474 475 1
323 361 0
472 483 1
150 158 1
266 267 1
13 44 1
324 332 1
289 290 1
116 130 1
33 47 1
143 144 1
56 79 1
486 500 1
151 152 1
369 380 1
211 216 1
268 269 1
7 25 1
19 39 1
120 132 1
240 246 1
137 140 1
428 429 1
239 248 0
28 35 1
149 163 0
174 182 1
3 4 1
127 128 1
319 325 1
451 452 1
487 497 1
169 174 1
357 359 1
165 170 1
33 34 1
310 319 1
284 331 0
69 87 1
290 291 1
347 351 1
473 483 0
435 447 0
364 376 1
210 215 1
402 410 1
311 320 1
194 201 1
457 458 1
163 179 0
437 444 1
141 142 1
71 72 1
305 309 1
49 51 1
420 431 1
273 280 1
289 300 1
55 73 1
349 354 1
423 424 1
249 261 1
12 58 0
26 32 1
146 148 1
274 275 1
422 430 1
148 162 1
272 274 1
465 466 1
405 409 1
461 469 1
287 299 1
100 108 1
250 285 0
64 81 1
252 256 1
137 185 0
493 499 1
487 493 1
106 115 1
216 225 1
271 279 1
235 270 0
484 495 1
259 303 0
52 53 1
221 228 1
195 235 0
24 51 1
481 499 1
58 67 1
212 213 1
78 79 1
434 447 1
358 380 1
351 397 0
85 94 1
104 105 1
358 370 1
103 119 1
307 308 1
192 208 1
472 490 1
282 298 1
1 2 1
8 20 1
310 322 1
217 218 1
321 332 1
270 315 0
300 302 1
462 463 1
304 351 0
213 220 1
228 229 1
385 400 0
390 393 1
173 177 1
11 27 1
372 382 1
323 331 1
415 425 1
30 43 1
479 480 1
431 432 1
315 366 0
197 198 1
335 336 1
8 14 1
394 397 1
363 381 1
436 442 1
291 301 1
211 223 1
155 180 1
375 383 0
53 67 1
482 494 1
272 281 1
326 336 1
155 164 1
378 379 1
2 3 1
210 222 1
61 62 1
172 176 1
352 353 1
199 203 1
337 340 1
135 139 1
196 207 1
295 296 1
303 307 1
193 197 1
265 267 1
366 377 1
286 299 1
150 151 1
188 189 1
127 142 1
413 414 1
367 378 1
6 34 0
128 134 1
253 258 1
374 385 1
121 122 1
463 478 1
100 102 1
169 173 1
18 36 1
215 223 1
84 85 1
340 350 1
329 338 1
16 21 1
133 138 1
247 284 0
0 1 1
71 88 1
355 356 1
252 255 1
305 308 1
74 75 1
68 87 1
167 171 1
261 262 1
77 78 1
396 398 1
126 129 1
403 408 0
448 451 1
384 389 0
185 187 1
486 497 1
404 405 1
214 259 0
199 202 1
167 181 1
403 481 0
232 235 1
246 251 1
224 226 1
330 344 1
459 460 1
72 89 1
6 10 0
423 444 1
404 418 1
375 400 0
455 460 1
386 389 1
436 450 1
172 177 1
238 241 1
55 97 1
364 384 1
271 278 1
5 12 0
69 70 1
464 482 1
453 456 1
485 498 1
221 231 1
344 346 1
387 391 1
59 75 1
365 376 1
198 201 1
350 354 1
58 110 0
106 107 1
425 426 1
236 243 1
313 314 1
206 207 1
445 446 1
154 161 1
325 333 1
204 219 1
287 292 1
254 263 1
161 162 1
17 24 1
40 41 1
181 187 1
448 488 0
461 468 1
144 145 1
284 323 0
191 195 1
439 452 1
318 324 1
86 95 1
406 407 0
64 65 1
247 282 0
