771 833 0
834 839 1
628 680 0
330 335 1
1 6 1
243 244 1
865 871 1
782 800 1
779 793 1
798 799 1
652 653 1
14 15 1
268 269 1
691 710 0
4 15 1
833 873 0
277 280 1
484 581 0
807 816 1
70 76 1
439 484 0
514 575 0
598 603 1
132 164 0
281 287 1
163 189 0
151 164 1
475 509 0
638 693 0
261 302 0
780 795 1
137 138 1
851 857 0
700 725 0
723 724 1
189 211 1
10 16 1
40 44 1
383 389 1
268 316 0
390 391 1
506 511 1
141 145 0
52 92 0
24 25 1
644 683 0
150 162 1
0 2 1
640 641 1
684 685 1
171 172 1
78 79 1
399 445 0
580 608 0
790 803 1
702 722 0
612 618 1
779 809 1
578 625 0
65 109 0
380 424 0
743 753 1
485 494 1
740 741 1
198 241 0
371 430 0
468 510 0
825 827 1
163 176 1
388 419 1
175 181 1
850 888 0
343 344 1
271 311 0
720 721 1
811 817 1
159 218 0
536 589 0
210 221 1
557 564 1
363 370 1
478 479 1
430 431 1
659 660 1
517 518 1
86 90 1
387 410 1
646 647 1
578 587 1
746 760 1
227 262 0
617 652 0
452 453 1
619 624 1
5 51 0
798 858 0
890 891 1
399 400 1
503 551 0
453 487 0
108 142 0
360 369 1
555 616 0
39 43 1
190 191 1
864 874 1
27 36 1
160 207 0
290 293 0
515 516 1
562 570 1
528 579 0
203 210 0
575 608 0
683 715 0
82 145 0
697 701 1
486 534 0
738 792 0
216 217 1
755 756 1
540 542 1
102 103 1
407 448 0
377 470 0
834 872 0
78 126 0
108 123 0
79 80 1
356 364 1
209 226 0
127 128 1
486 497 0
54 100 0
286 292 1
576 599 0
455 488 0
561 617 0
42 43 1
304 305 0
526 531 1
894 896 1
624 627 1
446 480 0
651 652 1
660 661 1
13 22 1
405 469 0
475 507 0
342 354 1
330 331 1
345 351 1
82 83 1
618 623 1
747 797 0
456 486 0
358 359 1
722 762 0
109 110 0
790 834 0
206 233 0
376 377 1
523 583 0
758 767 1
421 422 1
731 779 0
383 390 1
690 712 0
50 95 0
136 137 1
862 866 1
291 325 0
318 319 1
849 877 0
561 571 1
852 862 0
656 667 1
860 864 1
420 466 0
100 104 1
509 565 0
156 157 0
153 158 1
525 594 0
814 828 1
423 489 0
395 396 1
154 238 0
153 154 1
247 290 0
437 438 1
489 540 0
811 818 1
435 438 1
442 443 1
769 836 0
334 335 1
295 296 1
470 478 1
815 856 0
431 434 1
165 191 0
722 723 1
726 758 0
98 99 1
574 580 1
622 670 0
685 721 0
817 830 0
655 751 0
574 611 0
180 219 0
51 102 0
239 241 0
239 289 0
775 784 1
453 454 1
706 711 1
316 340 0
94 96 1
411 412 1
552 553 1
868 891 1
272 275 1
85 89 1
599 634 0
139 140 1
205 214 1
645 702 0
677 678 1
634 635 1
582 600 0
516 517 1
727 742 0
152 217 0
704 731 0
195 204 1
237 276 0
88 126 0
24 35 1
656 711 0
887 888 0
105 106 1
773 774 1
433 474 0
125 135 1
732 733 0
332 333 1
443 485 0
510 559 0
747 780 0
873 882 1
150 161 1
302 309 1
291 292 1
408 414 1
353 354 1
439 440 1
710 729 0
100 101 1
527 531 1
633 634 1
124 134 1
429 476 0
699 724 0
512 519 1
576 586 1
378 433 0
249 291 0
804 852 0
196 197 1
187 188 1
796 797 1
123 128 0
592 620 0
313 314 1
86 135 0
293 301 1
129 141 0
458 462 1
118 119 1
613 614 1
246 247 1
703 723 0
381 424 0
756 804 0
771 799 1
403 404 1
199 205 1
556 645 0
352 353 1
865 872 1
67 69 1
774 775 1
338 380 0
643 692 0
296 297 1
578 579 1
709 739 0
861 874 1
838 839 1
835 892 0
53 55 1
311 312 1
585 603 0
672 678 1
757 820 0
476 521 0
469 512 0
391 443 0
520 557 0
559 560 1
236 272 0
511 522 1
217 230 0
626 668 0
436 490 0
273 276 1
202 208 1
315 338 0
54 58 1
265 271 1
371 372 1
17 18 1
670 708 0
784 815 1
530 537 1
441 481 0
84 85 1
74 81 1
495 496 1
154 168 1
32 89 0
567 573 1
642 690 0
89 133 0
601 631 0
712 728 0
230 231 1
491 529 0
414 415 1
389 409 1
727 759 0
164 197 0
538 539 1
440 484 0
873 883 1
325 361 0
136 184 0
605 646 0
257 258 1
581 636 0
463 501 0
604 635 0
11 18 1
386 403 1
409 415 1
155 160 1
95 102 1
186 223 0
122 177 0
319 343 0
337 386 0
385 401 1
114 156 0
501 502 1
71 77 1
138 178 0
111 174 0
196 212 1
96 97 1
19 40 1
694 726 0
587 593 1
505 508 1
317 320 1
532 533 1
742 814 0
129 186 0
889 890 1
665 666 1
840 866 0
81 108 0
895 896 1
434 479 0
709 711 1
564 613 0
356 365 1
883 884 1
749 769 0
1 2 1
238 280 0
793 794 1
848 849 1
784 849 0
781 836 0
93 94 1
492 493 1
352 370 1
550 606 0
68 80 1
33 34 1
675 676 1
432 434 1
563 564 1
787 831 0
112 163 0
551 605 0
487 539 0
642 643 1
161 173 1
488 536 0
594 601 0
333 347 0
584 597 0
247 249 1
314 316 1
111 181 0
25 26 1
32 33 1
214 222 1
810 835 0
364 420 0
734 746 1
740 798 0
485 490 1
587 628 0
44 81 0
457 460 1
837 888 0
597 632 0
274 279 1
853 862 0
336 353 0
253 263 1
457 461 1
845 846 1
807 808 1
534 535 1
847 855 1
863 869 1
116 117 1
600 631 0
461 462 1
610 617 1
575 580 1
619 636 1
543 641 0
867 889 0
327 328 1
350 423 0
799 844 0
893 894 1
182 183 1
115 116 1
679 682 1
445 491 0
571 617 0
482 483 1
211 212 1
366 418 0
279 322 0
797 843 0
521 555 0
233 271 0
152 215 0
532 585 0
270 271 1
312 315 1
496 531 0
93 143 0
97 98 1
412 413 1
637 684 0
132 165 0
424 428 1
821 826 1
44 47 1
625 674 0
408 419 1
343 378 0
174 181 1
14 31 1
175 187 0
415 440 0
389 441 0
84 132 0
297 303 1
651 661 1
557 565 1
426 427 1
488 528 0
754 768 1
350 351 1
410 420 1
23 31 1
467 503 0
788 802 1
37 41 1
346 405 0
841 880 0
732 794 0
193 209 1
5 12 1
855 876 0
396 453 0
618 650 0
607 610 1
696 697 1
611 653 0
294 295 1
259 260 1
225 251 0
569 570 1
591 592 1
240 241 1
194 248 0
239 242 0
443 444 1
459 499 0
397 398 1
252 260 1
386 435 0
768 822 0
69 146 0
262 297 0
13 50 0
191 192 1
170 171 1
248 290 0
155 169 1
715 752 0
400 401 1
107 112 1
777 778 1
728 729 1
120 127 1
218 229 0
208 227 0
745 768 1
638 639 1
752 758 1
460 500 0
479 511 0
529 537 1
289 336 0
568 569 1
466 467 1
842 880 0
450 451 1
729 766 0
395 416 1
282 287 1
740 747 1
283 284 1
530 592 0
324 336 1
115 156 0
735 770 0
684 701 1
105 111 1
171 209 0
177 182 1
264 321 0
148 149 0
298 303 0
161 210 0
339 381 0
205 235 0
545 546 1
776 777 1
440 481 0
668 674 1
461 498 0
170 179 1
242 274 0
427 428 1
669 681 1
71 84 1
131 164 0
16 17 1
131 132 1
621 622 1
384 398 1
232 233 1
726 767 0
544 596 0
533 534 1
313 315 1
665 669 1
267 268 1
226 228 0
362 368 1
801 850 0
192 198 1
708 738 0
643 644 1
355 406 0
364 387 0
426 433 1
482 543 0
778 788 1
326 341 0
506 508 1
886 887 0
733 770 0
646 649 1
145 159 0
539 578 0
544 545 1
613 663 0
668 681 1
795 841 0
375 382 1
68 116 0
243 245 1
57 101 0
325 329 1
207 223 1
786 837 0
529 590 0
845 870 0
367 391 0
844 882 0
45 46 1
763 817 0
751 781 0
760 778 0
305 310 1
750 751 1
481 490 0
156 217 0
776 787 1
540 548 1
392 393 1
56 59 1
818 819 1
338 339 1
259 304 0
876 877 1
256 303 0
64 130 0
178 205 0
219 257 0
831 832 0
167 199 0
853 859 0
856 877 0
791 792 1
126 152 0
269 326 0
444 494 0
806 853 0
470 514 0
661 705 0
549 561 1
579 588 1
382 429 0
121 129 1
251 294 0
572 573 1
302 308 1
595 602 0
743 744 1
439 451 1
157 158 0
187 195 1
92 93 1
822 826 1
255 261 1
714 715 1
28 29 1
454 455 1
251 255 1
392 444 0
577 586 1
126 140 0
36 68 0
472 516 0
113 118 1
767 827 0
772 773 1
374 378 1
213 222 1
614 615 1
68 73 1
761 788 0
256 259 1
62 66 1
215 216 1
37 46 1
11 32 1
541 543 1
704 732 0
200 225 0
650 707 0
636 685 0
547 554 1
570 612 0
61 109 0
801 822 1
730 764 0
608 655 0
194 204 0
639 640 1
756 803 0
448 449 1
182 213 0
359 367 1
646 699 0
234 237 1
739 807 0
284 336 0
653 654 1
41 49 0
326 327 1
588 626 0
229 264 0
609 664 0
673 680 1
571 574 1
125 136 1
244 250 1
463 464 1
185 186 1
829 830 0
112 113 1
142 144 0
114 115 1
203 254 0
235 270 0
258 263 1
589 590 1
531 584 0
151 176 1
143 161 0
841 892 0
231 234 1
214 236 0
471 524 0
804 805 1
21 54 0
708 709 1
766 823 0
748 749 1
311 317 1
612 650 0
657 658 1
695 727 0
396 397 1
306 310 1
67 75 1
823 824 1
848 855 1
373 376 1
318 346 0
6 22 1
252 257 1
664 735 0
672 679 1
673 674 1
603 633 0
372 373 1
858 881 0
512 562 0
719 727 1
66 70 1
76 77 1
464 466 1
242 279 0
26 36 1
376 432 0
79 114 0
717 725 1
501 556 0
868 879 1
879 892 1
401 447 0
91 92 1
117 120 1
459 465 1
724 725 1
687 688 1
755 761 1
380 428 0
393 394 1
671 675 1
632 679 0
360 367 1
61 65 1
708 739 0
856 886 0
266 267 1
361 362 1
494 523 0
138 139 1
541 542 1
744 754 1
234 269 0
384 455 0
273 333 0
299 306 1
838 857 1
361 369 1
183 184 1
866 872 1
485 523 0
459 460 1
785 786 1
495 525 0
260 298 0
637 641 0
782 783 1
72 88 1
671 688 1
518 519 1
535 538 1
666 670 1
58 61 1
631 677 0
404 405 1
144 147 0
794 810 1
91 95 1
813 825 1
842 892 0
827 828 1
169 179 1
647 648 1
626 629 1
3 7 1
72 78 1
47 48 0
265 266 1
104 110 1
717 718 1
483 484 1
63 64 1
340 341 1
436 442 1
7 8 1
223 224 1
188 189 1
254 301 0
788 857 0
808 809 1
294 309 1
75 82 1
162 203 0
201 208 1
502 550 0
526 595 0
719 720 1
704 707 1
812 813 1
430 477 0
422 458 0
567 568 1
99 162 0
339 340 1
851 878 0
278 284 1
869 893 1
199 206 1
713 757 0
549 610 0
654 655 1
496 527 0
820 824 1
130 160 0
30 57 0
374 379 1
278 285 1
815 821 1
119 131 1
724 763 0
870 875 1
720 753 0
676 677 1
219 220 1
176 212 0
705 740 0
860 863 1
264 308 0
800 845 0
465 467 1
55 56 1
562 563 1
38 42 1
812 820 1
836 883 0
511 571 0
600 627 0
355 364 0
629 630 1
384 399 1
572 592 1
568 623 0
875 876 1
348 358 1
361 394 0
106 107 1
160 185 1
285 289 1
642 691 0
200 201 1
425 430 1
319 320 1
224 261 0
713 714 1
780 842 0
560 616 0
338 344 1
662 704 0
494 495 1
620 621 1
87 88 1
861 870 1
435 472 0
350 366 1
773 855 0
707 731 0
162 174 1
753 783 0
786 787 1
226 256 0
147 148 0
881 882 1
547 548 1
64 65 1
423 493 0
474 504 0
373 434 0
761 777 0
20 21 1
736 756 1
